0 0 0 0.00896005
0.001001 0.00895905 0.00895905 0.0178209
0.002002 0.0178189 0.0178189 0.0265835
0.003003 0.0265805 0.0265805 0.0352489
0.004004 0.0352449 0.0352449 0.043818
0.00500501 0.043813 0.043813 0.0522919
0.00600601 0.0522859 0.0522859 0.0606713
0.00700701 0.0606643 0.0606643 0.0689574
0.00800801 0.0689494 0.0689494 0.0771509
0.00900901 0.0771419 0.0771419 0.0852529
0.01001 0.0852429 0.0852429 0.0932642
0.011011 0.0932532 0.0932532 0.101186
0.012012 0.101174 0.101174 0.109019
0.013013 0.109005 0.109005 0.116763
0.014014 0.116749 0.116749 0.124421
0.015015 0.124406 0.124406 0.131992
0.016016 0.131976 0.131976 0.139478
0.017017 0.139461 0.139461 0.14688
0.018018 0.146862 0.146862 0.154198
0.019019 0.154179 0.154179 0.161433
0.02002 0.161413 0.161413 0.168586
0.021021 0.168565 0.168565 0.175657
0.022022 0.175635 0.175635 0.182649
0.023023 0.182626 0.182626 0.189561
0.024024 0.189537 0.189537 0.196394
0.025025 0.196369 0.196369 0.203149
0.026026 0.203123 0.203123 0.209826
0.027027 0.209799 0.209799 0.216428
0.028028 0.216399 0.216399 0.222953
0.029029 0.222924 0.222924 0.229404
0.03003 0.229374 0.229374 0.23578
0.031031 0.235749 0.235749 0.242083
0.032032 0.242051 0.242051 0.248313
0.033033 0.24828 0.24828 0.254471
0.034034 0.254437 0.254437 0.260558
0.035035 0.260523 0.260523 0.266574
0.036036 0.266538 0.266538 0.272521
0.037037 0.272484 0.272484 0.278398
0.038038 0.27836 0.27836 0.284207
0.039039 0.284168 0.284168 0.289948
0.04004 0.289908 0.289908 0.295621
0.041041 0.29558 0.29558 0.301229
0.042042 0.301187 0.301187 0.30677
0.043043 0.306727 0.306727 0.312247
0.044044 0.312203 0.312203 0.317658
0.045045 0.317613 0.317613 0.323006
0.046046 0.32296 0.32296 0.328291
0.047047 0.328244 0.328244 0.333513
0.048048 0.333465 0.333465 0.338673
0.049049 0.338624 0.338624 0.343772
0.0500501 0.343722 0.343722 0.34881
0.0510511 0.348759 0.348759 0.353788
0.0520521 0.353736 0.353736 0.358707
0.0530531 0.358654 0.358654 0.363566
0.0540541 0.363512 0.363512 0.368367
0.0550551 0.368312 0.368312 0.37311
0.0560561 0.373054 0.373054 0.377797
0.0570571 0.37774 0.37774 0.382426
0.0580581 0.382368 0.382368 0.386999
0.0590591 0.38694 0.38694 0.391517
0.0600601 0.391457 0.391457 0.39598
0.0610611 0.395919 0.395919 0.400389
0.0620621 0.400327 0.400327 0.404743
0.0630631 0.40468 0.40468 0.409045
0.0640641 0.408981 0.408981 0.413293
0.0650651 0.413228 0.413228 0.417489
0.0660661 0.417423 0.417423 0.421634
0.0670671 0.421567 0.421567 0.425727
0.0680681 0.425659 0.425659 0.42977
0.0690691 0.429701 0.429701 0.433762
0.0700701 0.433692 0.433692 0.437705
0.0710711 0.437634 0.437634 0.441598
0.0720721 0.441526 0.441526 0.445443
0.0730731 0.44537 0.44537 0.449239
0.0740741 0.449165 0.449165 0.452988
0.0750751 0.452912 0.452912 0.456689
0.0760761 0.456613 0.456613 0.460343
0.0770771 0.460266 0.460266 0.463951
0.0780781 0.463873 0.463873 0.467514
0.0790791 0.467435 0.467435 0.47103
0.0800801 0.47095 0.47095 0.474502
0.0810811 0.474421 0.474421 0.477929
0.0820821 0.477847 0.477847 0.481313
0.0830831 0.48123 0.48123 0.484652
0.0840841 0.484568 0.484568 0.487948
0.0850851 0.487863 0.487863 0.491202
0.0860861 0.491116 0.491116 0.494413
0.0870871 0.494326 0.494326 0.497582
0.0880881 0.497494 0.497494 0.50071
0.0890891 0.500621 0.500621 0.503796
0.0900901 0.503706 0.503706 0.506842
0.0910911 0.506751 0.506751 0.509848
0.0920921 0.509756 0.509756 0.512813
0.0930931 0.51272 0.51272 0.515739
0.0940941 0.515645 0.515645 0.518627
0.0950951 0.518531 0.518531 0.521475
0.0960961 0.521379 0.521379 0.524285
0.0970971 0.524188 0.524188 0.527057
0.0980981 0.526959 0.526959 0.529791
0.0990991 0.529692 0.529692 0.532489
0.1001 0.532389 0.532389 0.535149
0.101101 0.535048 0.535048 0.537773
0.102102 0.537671 0.537671 0.540361
0.103103 0.540258 0.540258 0.542913
0.104104 0.542809 0.542809 0.54543
0.105105 0.545325 0.545325 0.547912
0.106106 0.547806 0.547806 0.550359
0.107107 0.550252 0.550252 0.552772
0.108108 0.552664 0.552664 0.55515
0.109109 0.555041 0.555041 0.557496
0.11011 0.557385 0.557385 0.559807
0.111111 0.559696 0.559696 0.562086
0.112112 0.561974 0.561974 0.564332
0.113113 0.564219 0.564219 0.566546
0.114114 0.566432 0.566432 0.568728
0.115115 0.568613 0.568613 0.570878
0.116116 0.570762 0.570762 0.572997
0.117117 0.57288 0.57288 0.575085
0.118118 0.574966 0.574966 0.577141
0.119119 0.577022 0.577022 0.579168
0.12012 0.579048 0.579048 0.581164
0.121121 0.581043 0.581043 0.583131
0.122122 0.583009 0.583009 0.585068
0.123123 0.584945 0.584945 0.586975
0.124124 0.586851 0.586851 0.588854
0.125125 0.588729 0.588729 0.590704
0.126126 0.590578 0.590578 0.592526
0.127127 0.592399 0.592399 0.59432
0.128128 0.594191 0.594191 0.596085
0.129129 0.595956 0.595956 0.597823
0.13013 0.597693 0.597693 0.599534
0.131131 0.599403 0.599403 0.601218
0.132132 0.601086 0.601086 0.602876
0.133133 0.602742 0.602742 0.604506
0.134134 0.604372 0.604372 0.606111
0.135135 0.605976 0.605976 0.607689
0.136136 0.607553 0.607553 0.609242
0.137137 0.609105 0.609105 0.61077
0.138138 0.610632 0.610632 0.612272
0.139139 0.612133 0.612133 0.61375
0.14014 0.613609 0.613609 0.615202
0.141141 0.615061 0.615061 0.616631
0.142142 0.616488 0.616488 0.618035
0.143143 0.617892 0.617892 0.619415
0.144144 0.619271 0.619271 0.620771
0.145145 0.620626 0.620626 0.622104
0.146146 0.621958 0.621958 0.623414
0.147147 0.623267 0.623267 0.624701
0.148148 0.624553 0.624553 0.625965
0.149149 0.625816 0.625816 0.627206
0.15015 0.627056 0.627056 0.628425
0.151151 0.628274 0.628274 0.629622
0.152152 0.62947 0.62947 0.630797
0.153153 0.630644 0.630644 0.631951
0.154154 0.631797 0.631797 0.633083
0.155155 0.632928 0.632928 0.634194
0.156156 0.634037 0.634037 0.635283
0.157157 0.635126 0.635126 0.636352
0.158158 0.636194 0.636194 0.637401
0.159159 0.637241 0.637241 0.638428
0.16016 0.638268 0.638268 0.639436
0.161161 0.639275 0.639275 0.640424
0.162162 0.640262 0.640262 0.641392
0.163163 0.641229 0.641229 0.64234
0.164164 0.642176 0.642176 0.643269
0.165165 0.643104 0.643104 0.644179
0.166166 0.644013 0.644013 0.645069
0.167167 0.644902 0.644902 0.645941
0.168168 0.645773 0.645773 0.646795
0.169169 0.646625 0.646625 0.647629
0.17017 0.647459 0.647459 0.648446
0.171171 0.648275 0.648275 0.649244
0.172172 0.649072 0.649072 0.650025
0.173173 0.649852 0.649852 0.650787
0.174174 0.650613 0.650613 0.651533
0.175175 0.651358 0.651358 0.65226
0.176176 0.652084 0.652084 0.652971
0.177177 0.652794 0.652794 0.653665
0.178178 0.653487 0.653487 0.654341
0.179179 0.654162 0.654162 0.655001
0.18018 0.654821 0.654821 0.655645
0.181181 0.655464 0.655464 0.656272
0.182182 0.65609 0.65609 0.656883
0.183183 0.6567 0.6567 0.657478
0.184184 0.657294 0.657294 0.658057
0.185185 0.657871 0.657871 0.65862
0.186186 0.658434 0.658434 0.659167
0.187187 0.65898 0.65898 0.6597
0.188188 0.659512 0.659512 0.660217
0.189189 0.660028 0.660028 0.660719
0.19019 0.660529 0.660529 0.661206
0.191191 0.661014 0.661014 0.661678
0.192192 0.661486 0.661486 0.662135
0.193193 0.661942 0.661942 0.662578
0.194194 0.662384 0.662384 0.663007
0.195195 0.662812 0.662812 0.663421
0.196196 0.663225 0.663225 0.663821
0.197197 0.663624 0.663624 0.664207
0.198198 0.664009 0.664009 0.66458
0.199199 0.664381 0.664381 0.664939
0.2002 0.664739 0.664739 0.665284
0.201201 0.665083 0.665083 0.665616
0.202202 0.665414 0.665414 0.665935
0.203203 0.665732 0.665732 0.66624
0.204204 0.666036 0.666036 0.666533
0.205205 0.666328 0.666328 0.666812
0.206206 0.666606 0.666606 0.667079
0.207207 0.666872 0.666872 0.667333
0.208208 0.667125 0.667125 0.667575
0.209209 0.667366 0.667366 0.667805
0.21021 0.667594 0.667594 0.668022
0.211211 0.667811 0.667811 0.668227
0.212212 0.668015 0.668015 0.66842
0.213213 0.668207 0.668207 0.668601
0.214214 0.668387 0.668387 0.66877
0.215215 0.668555 0.668555 0.668928
0.216216 0.668712 0.668712 0.669074
0.217217 0.668857 0.668857 0.669209
0.218218 0.668991 0.668991 0.669333
0.219219 0.669113 0.669113 0.669445
0.22022 0.669225 0.669225 0.669546
0.221221 0.669325 0.669325 0.669636
0.222222 0.669414 0.669414 0.669716
0.223223 0.669493 0.669493 0.669784
0.224224 0.66956 0.66956 0.669842
0.225225 0.669617 0.669617 0.66989
0.226226 0.669664 0.669664 0.669927
0.227227 0.6697 0.6697 0.669954
0.228228 0.669726 0.669726 0.66997
0.229229 0.669741 0.669741 0.669976
0.23023 0.669746 0.669746 0.669973
0.231231 0.669742 0.669742 0.669959
0.232232 0.669727 0.669727 0.669936
0.233233 0.669703 0.669703 0.669903
0.234234 0.669669 0.669669 0.66986
0.235235 0.669625 0.669625 0.669808
0.236236 0.669571 0.669571 0.669746
0.237237 0.669509 0.669509 0.669675
0.238238 0.669437 0.669437 0.669594
0.239239 0.669355 0.669355 0.669505
0.24024 0.669265 0.669265 0.669406
0.241241 0.669165 0.669165 0.669299
0.242242 0.669057 0.669057 0.669182
0.243243 0.668939 0.668939 0.669057
0.244244 0.668813 0.668813 0.668923
0.245245 0.668678 0.668678 0.668781
0.246246 0.668535 0.668535 0.66863
0.247247 0.668382 0.668382 0.66847
0.248248 0.668222 0.668222 0.668302
0.249249 0.668053 0.668053 0.668126
0.25025 0.667876 0.667876 0.667941
0.251251 0.66769 0.66769 0.667749
0.252252 0.667497 0.667497 0.667548
0.253253 0.667295 0.667295 0.66734
0.254254 0.667086 0.667086 0.667123
0.255255 0.666868 0.666868 0.666899
0.256256 0.666643 0.666643 0.666667
0.257257 0.66641 0.66641 0.666427
0.258258 0.666169 0.666169 0.66618
0.259259 0.665921 0.665921 0.665926
0.26026 0.665665 0.665665 0.665663
0.261261 0.665402 0.665402 0.665394
0.262262 0.665132 0.665132 0.665117
0.263263 0.664854 0.664854 0.664833
0.264264 0.664569 0.664569 0.664542
0.265265 0.664277 0.664277 0.664244
0.266266 0.663978 0.663978 0.663939
0.267267 0.663672 0.663672 0.663627
0.268268 0.663359 0.663359 0.663308
0.269269 0.663039 0.663039 0.662982
0.27027 0.662712 0.662712 0.66265
0.271271 0.662379 0.662379 0.662311
0.272272 0.662039 0.662039 0.661965
0.273273 0.661692 0.661692 0.661613
0.274274 0.661339 0.661339 0.661255
0.275275 0.66098 0.66098 0.66089
0.276276 0.660614 0.660614 0.660518
0.277277 0.660241 0.660241 0.660141
0.278278 0.659863 0.659863 0.659757
0.279279 0.659478 0.659478 0.659367
0.28028 0.659087 0.659087 0.658971
0.281281 0.65869 0.65869 0.658569
0.282282 0.658287 0.658287 0.658161
0.283283 0.657878 0.657878 0.657747
0.284284 0.657463 0.657463 0.657328
0.285285 0.657043 0.657043 0.656902
0.286286 0.656616 0.656616 0.656471
0.287287 0.656184 0.656184 0.656034
0.288288 0.655746 0.655746 0.655592
0.289289 0.655303 0.655303 0.655144
0.29029 0.654854 0.654854 0.65469
0.291291 0.654399 0.654399 0.654231
0.292292 0.653939 0.653939 0.653767
0.293293 0.653474 0.653474 0.653297
0.294294 0.653003 0.653003 0.652822
0.295295 0.652527 0.652527 0.652342
0.296296 0.652046 0.652046 0.651857
0.297297 0.65156 0.65156 0.651366
0.298298 0.651068 0.651068 0.650871
0.299299 0.650572 0.650572 0.65037
0.3003 0.65007 0.65007 0.649865
0.301301 0.649564 0.649564 0.649354
0.302302 0.649052 0.649052 0.648839
0.303303 0.648536 0.648536 0.648319
0.304304 0.648015 0.648015 0.647794
0.305305 0.647489 0.647489 0.647264
0.306306 0.646958 0.646958 0.64673
0.307307 0.646423 0.646423 0.646191
0.308308 0.645883 0.645883 0.645647
0.309309 0.645338 0.645338 0.645099
0.31031 0.644789 0.644789 0.644546
0.311311 0.644235 0.644235 0.643989
0.312312 0.643677 0.643677 0.643428
0.313313 0.643115 0.643115 0.642862
0.314314 0.642548 0.642548 0.642292
0.315315 0.641976 0.641976 0.641717
0.316316 0.641401 0.641401 0.641138
0.317317 0.640821 0.640821 0.640555
0.318318 0.640237 0.640237 0.639968
0.319319 0.639649 0.639649 0.639377
0.32032 0.639057 0.639057 0.638782
0.321321 0.638461 0.638461 0.638183
0.322322 0.637861 0.637861 0.637579
0.323323 0.637256 0.637256 0.636972
0.324324 0.636648 0.636648 0.636361
0.325325 0.636036 0.636036 0.635746
0.326326 0.63542 0.63542 0.635127
0.327327 0.6348 0.6348 0.634505
0.328328 0.634176 0.634176 0.633878
0.329329 0.633549 0.633549 0.633248
0.33033 0.632918 0.632918 0.632614
0.331331 0.632283 0.632283 0.631977
0.332332 0.631645 0.631645 0.631336
0.333333 0.631003 0.631003 0.630691
0.334334 0.630357 0.630357 0.630043
0.335335 0.629708 0.629708 0.629391
0.336336 0.629055 0.629055 0.628736
0.337337 0.628399 0.628399 0.628077
0.338338 0.627739 0.627739 0.627416
0.339339 0.627076 0.627076 0.62675
0.34034 0.62641 0.62641 0.626081
0.341341 0.62574 0.62574 0.62541
0.342342 0.625067 0.625067 0.624734
0.343343 0.624391 0.624391 0.624056
0.344344 0.623712 0.623712 0.623374
0.345345 0.623029 0.623029 0.622689
0.346346 0.622343 0.622343 0.622001
0.347347 0.621654 0.621654 0.62131
0.348348 0.620962 0.620962 0.620616
0.349349 0.620267 0.620267 0.619919
0.35035 0.619569 0.619569 0.619219
0.351351 0.618867 0.618867 0.618515
0.352352 0.618163 0.618163 0.617809
0.353353 0.617456 0.617456 0.6171
0.354354 0.616746 0.616746 0.616388
0.355355 0.616033 0.616033 0.615673
0.356356 0.615317 0.615317 0.614955
0.357357 0.614598 0.614598 0.614235
0.358358 0.613877 0.613877 0.613512
0.359359 0.613153 0.613153 0.612786
0.36036 0.612425 0.612425 0.612057
0.361361 0.611696 0.611696 0.611325
0.362362 0.610963 0.610963 0.610591
0.363363 0.610228 0.610228 0.609854
0.364364 0.60949 0.60949 0.609115
0.365365 0.60875 0.60875 0.608373
0.366366 0.608007 0.608007 0.607628
0.367367 0.607261 0.607261 0.606881
0.368368 0.606513 0.606513 0.606132
0.369369 0.605762 0.605762 0.605379
0.37037 0.605009 0.605009 0.604625
0.371371 0.604254 0.604254 0.603868
0.372372 0.603496 0.603496 0.603108
0.373373 0.602735 0.602735 0.602346
0.374374 0.601972 0.601972 0.601582
0.375375 0.601207 0.601207 0.600816
0.376376 0.600439 0.600439 0.600047
0.377377 0.59967 0.59967 0.599275
0.378378 0.598897 0.598897 0.598502
0.379379 0.598123 0.598123 0.597726
0.38038 0.597346 0.597346 0.596948
0.381381 0.596567 0.596567 0.596168
0.382382 0.595786 0.595786 0.595386
0.383383 0.595003 0.595003 0.594601
0.384384 0.594217 0.594217 0.593814
0.385385 0.593429 0.593429 0.593026
0.386386 0.592639 0.592639 0.592235
0.387387 0.591848 0.591848 0.591442
0.388388 0.591054 0.591054 0.590647
0.389389 0.590257 0.590257 0.58985
0.39039 0.589459 0.589459 0.58905
0.391391 0.588659 0.588659 0.588249
0.392392 0.587857 0.587857 0.587446
0.393393 0.587053 0.587053 0.586641
0.394394 0.586247 0.586247 0.585834
0.395395 0.585439 0.585439 0.585025
0.396396 0.584629 0.584629 0.584214
0.397397 0.583817 0.583817 0.583402
0.398398 0.583003 0.583003 0.582587
0.399399 0.582188 0.582188 0.581771
0.4004 0.58137 0.58137 0.580952
0.401401 0.580551 0.580551 0.580132
0.402402 0.57973 0.57973 0.579311
0.403403 0.578907 0.578907 0.578487
0.404404 0.578083 0.578083 0.577661
0.405405 0.577256 0.577256 0.576834
0.406406 0.576428 0.576428 0.576006
0.407407 0.575598 0.575598 0.575175
0.408408 0.574767 0.574767 0.574343
0.409409 0.573934 0.573934 0.573509
0.41041 0.573099 0.573099 0.572673
0.411411 0.572262 0.572262 0.571836
0.412412 0.571424 0.571424 0.570997
0.413413 0.570584 0.570584 0.570157
0.414414 0.569743 0.569743 0.569315
0.415415 0.5689 0.5689 0.568471
0.416416 0.568055 0.568055 0.567626
0.417417 0.567209 0.567209 0.566779
0.418418 0.566361 0.566361 0.565931
0.419419 0.565512 0.565512 0.565081
0.42042 0.564661 0.564661 0.56423
0.421421 0.563809 0.563809 0.563378
0.422422 0.562955 0.562955 0.562523
0.423423 0.5621 0.5621 0.561668
0.424424 0.561244 0.561244 0.560811
0.425425 0.560386 0.560386 0.559952
0.426426 0.559526 0.559526 0.559092
0.427427 0.558665 0.558665 0.558231
0.428428 0.557803 0.557803 0.557368
0.429429 0.556939 0.556939 0.556504
0.43043 0.556074 0.556074 0.555639
0.431431 0.555208 0.555208 0.554772
0.432432 0.55434 0.55434 0.553904
0.433433 0.553471 0.553471 0.553035
0.434434 0.552601 0.552601 0.552164
0.435435 0.551729 0.551729 0.551292
0.436436 0.550856 0.550856 0.550419
0.437437 0.549982 0.549982 0.549545
0.438438 0.549106 0.549106 0.548669
0.439439 0.54823 0.54823 0.547792
0.44044 0.547352 0.547352 0.546914
0.441441 0.546472 0.546472 0.546034
0.442442 0.545592 0.545592 0.545154
0.443443 0.54471 0.54471 0.544272
0.444444 0.543828 0.543828 0.543389
0.445445 0.542944 0.542944 0.542505
0.446446 0.542058 0.542058 0.541619
0.447447 0.541172 0.541172 0.540733
0.448448 0.540285 0.540285 0.539845
0.449449 0.539396 0.539396 0.538957
0.45045 0.538506 0.538506 0.538067
0.451451 0.537616 0.537616 0.537176
0.452452 0.536724 0.536724 0.536284
0.453453 0.535831 0.535831 0.535391
0.454454 0.534937 0.534937 0.534497
0.455455 0.534042 0.534042 0.533602
0.456456 0.533145 0.533145 0.532705
0.457457 0.532248 0.532248 0.531808
0.458458 0.53135 0.53135 0.53091
0.459459 0.530451 0.530451 0.530011
0.46046 0.52955 0.52955 0.52911
0.461461 0.528649 0.528649 0.528209
0.462462 0.527747 0.527747 0.527307
0.463463 0.526844 0.526844 0.526404
0.464464 0.525939 0.525939 0.525499
0.465465 0.525034 0.525034 0.524594
0.466466 0.524128 0.524128 0.523688
0.467467 0.523221 0.523221 0.522781
0.468468 0.522313 0.522313 0.521873
0.469469 0.521404 0.521404 0.520964
0.47047 0.520494 0.520494 0.520054
0.471471 0.519583 0.519583 0.519144
0.472472 0.518671 0.518671 0.518232
0.473473 0.517759 0.517759 0.51732
0.474474 0.516845 0.516845 0.516406
0.475475 0.515931 0.515931 0.515492
0.476476 0.515016 0.515016 0.514577
0.477477 0.5141 0.5141 0.513661
0.478478 0.513183 0.513183 0.512745
0.479479 0.512265 0.512265 0.511827
0.48048 0.511347 0.511347 0.510909
0.481481 0.510427 0.510427 0.509989
0.482482 0.509507 0.509507 0.509069
0.483483 0.508586 0.508586 0.508149
0.484484 0.507664 0.507664 0.507227
0.485485 0.506742 0.506742 0.506305
0.486486 0.505819 0.505819 0.505382
0.487487 0.504894 0.504894 0.504458
0.488488 0.503969 0.503969 0.503533
0.489489 0.503044 0.503044 0.502608
0.49049 0.502117 0.502117 0.501682
0.491491 0.50119 0.50119 0.500755
0.492492 0.500262 0.500262 0.499827
0.493493 0.499334 0.499334 0.498899
0.494494 0.498404 0.498404 0.49797
0.495495 0.497474 0.497474 0.49704
0.496496 0.496544 0.496544 0.49611
0.497497 0.495612 0.495612 0.495178
0.498498 0.49468 0.49468 0.494247
0.499499 0.493747 0.493747 0.493314
0.500501 0.492814 0.492814 0.492381
0.501502 0.49188 0.49188 0.491447
0.502503 0.490945 0.490945 0.490513
0.503504 0.490009 0.490009 0.489577
0.504505 0.489073 0.489073 0.488642
0.505506 0.488136 0.488136 0.487705
0.506507 0.487199 0.487199 0.486768
0.507508 0.486261 0.486261 0.48583
0.508509 0.485322 0.485322 0.484892
0.50951 0.484383 0.484383 0.483953
0.510511 0.483443 0.483443 0.483014
0.511512 0.482502 0.482502 0.482074
0.512513 0.481561 0.481561 0.481133
0.513514 0.48062 0.48062 0.480191
0.514515 0.479677 0.479677 0.47925
0.515516 0.478734 0.478734 0.478307
0.516517 0.477791 0.477791 0.477364
0.517518 0.476847 0.476847 0.47642
0.518519 0.475902 0.475902 0.475476
0.51952 0.474957 0.474957 0.474531
0.520521 0.474011 0.474011 0.473586
0.521522 0.473065 0.473065 0.47264
0.522523 0.472118 0.472118 0.471694
0.523524 0.471171 0.471171 0.470747
0.524525 0.470223 0.470223 0.4698
0.525526 0.469274 0.469274 0.468852
0.526527 0.468325 0.468325 0.467903
0.527528 0.467376 0.467376 0.466954
0.528529 0.466426 0.466426 0.466005
0.52953 0.465475 0.465475 0.465055
0.530531 0.464524 0.464524 0.464104
0.531532 0.463573 0.463573 0.463153
0.532533 0.462621 0.462621 0.462202
0.533534 0.461669 0.461669 0.46125
0.534535 0.460716 0.460716 0.460297
0.535536 0.459762 0.459762 0.459345
0.536537 0.458808 0.458808 0.458391
0.537538 0.457854 0.457854 0.457437
0.538539 0.456899 0.456899 0.456483
0.53954 0.455944 0.455944 0.455528
0.540541 0.454988 0.454988 0.454573
0.541542 0.454032 0.454032 0.453617
0.542543 0.453075 0.453075 0.452661
0.543544 0.452118 0.452118 0.451705
0.544545 0.45116 0.45116 0.450748
0.545546 0.450203 0.450203 0.44979
0.546547 0.449244 0.449244 0.448833
0.547548 0.448285 0.448285 0.447874
0.548549 0.447326 0.447326 0.446916
0.54955 0.446366 0.446366 0.445957
0.550551 0.445406 0.445406 0.444997
0.551552 0.444446 0.444446 0.444037
0.552553 0.443485 0.443485 0.443077
0.553554 0.442524 0.442524 0.442116
0.554555 0.441562 0.441562 0.441155
0.555556 0.4406 0.4406 0.440194
0.556557 0.439638 0.439638 0.439232
0.557558 0.438675 0.438675 0.43827
0.558559 0.437712 0.437712 0.437307
0.55956 0.436748 0.436748 0.436344
0.560561 0.435784 0.435784 0.435381
0.561562 0.43482 0.43482 0.434417
0.562563 0.433855 0.433855 0.433453
0.563564 0.43289 0.43289 0.432489
0.564565 0.431925 0.431925 0.431524
0.565566 0.430959 0.430959 0.430559
0.566567 0.429993 0.429993 0.429594
0.567568 0.429026 0.429026 0.428628
0.568569 0.428059 0.428059 0.427662
0.56957 0.427092 0.427092 0.426695
0.570571 0.426125 0.426125 0.425728
0.571572 0.425157 0.425157 0.424761
0.572573 0.424189 0.424189 0.423794
0.573574 0.42322 0.42322 0.422826
0.574575 0.422252 0.422252 0.421858
0.575576 0.421283 0.421283 0.420889
0.576577 0.420313 0.420313 0.419921
0.577578 0.419343 0.419343 0.418952
0.578579 0.418373 0.418373 0.417982
0.57958 0.417403 0.417403 0.417013
0.580581 0.416432 0.416432 0.416043
0.581582 0.415461 0.415461 0.415072
0.582583 0.41449 0.41449 0.414102
0.583584 0.413518 0.413518 0.413131
0.584585 0.412547 0.412547 0.41216
0.585586 0.411574 0.411574 0.411188
0.586587 0.410602 0.410602 0.410217
0.587588 0.409629 0.409629 0.409245
0.588589 0.408656 0.408656 0.408272
0.58959 0.407683 0.407683 0.4073
0.590591 0.40671 0.40671 0.406327
0.591592 0.405736 0.405736 0.405354
0.592593 0.404762 0.404762 0.404381
0.593594 0.403787 0.403787 0.403407
0.594595 0.402813 0.402813 0.402433
0.595596 0.401838 0.401838 0.401459
0.596597 0.400863 0.400863 0.400484
0.597598 0.399887 0.399887 0.39951
0.598599 0.398912 0.398912 0.398535
0.5996 0.397936 0.397936 0.39756
0.600601 0.396959 0.396959 0.396584
0.601602 0.395983 0.395983 0.395609
0.602603 0.395006 0.395006 0.394633
0.603604 0.394029 0.394029 0.393657
0.604605 0.393052 0.393052 0.39268
0.605606 0.392075 0.392075 0.391704
0.606607 0.391097 0.391097 0.390727
0.607608 0.39012 0.39012 0.38975
0.608609 0.389141 0.389141 0.388772
0.60961 0.388163 0.388163 0.387795
0.610611 0.387185 0.387185 0.386817
0.611612 0.386206 0.386206 0.385839
0.612613 0.385227 0.385227 0.384861
0.613614 0.384248 0.384248 0.383883
0.614615 0.383268 0.383268 0.382904
0.615616 0.382289 0.382289 0.381925
0.616617 0.381309 0.381309 0.380946
0.617618 0.380329 0.380329 0.379967
0.618619 0.379349 0.379349 0.378987
0.61962 0.378368 0.378368 0.378008
0.620621 0.377388 0.377388 0.377028
0.621622 0.376407 0.376407 0.376048
0.622623 0.375426 0.375426 0.375068
0.623624 0.374444 0.374444 0.374087
0.624625 0.373463 0.373463 0.373107
0.625626 0.372481 0.372481 0.372126
0.626627 0.371499 0.371499 0.371145
0.627628 0.370517 0.370517 0.370163
0.628629 0.369535 0.369535 0.369182
0.62963 0.368553 0.368553 0.3682
0.630631 0.36757 0.36757 0.367219
0.631632 0.366587 0.366587 0.366237
0.632633 0.365604 0.365604 0.365255
0.633634 0.364621 0.364621 0.364272
0.634635 0.363638 0.363638 0.36329
0.635636 0.362655 0.362655 0.362307
0.636637 0.361671 0.361671 0.361324
0.637638 0.360687 0.360687 0.360341
0.638639 0.359703 0.359703 0.359358
0.63964 0.358719 0.358719 0.358375
0.640641 0.357735 0.357735 0.357391
0.641642 0.35675 0.35675 0.356408
0.642643 0.355765 0.355765 0.355424
0.643644 0.354781 0.354781 0.35444
0.644645 0.353796 0.353796 0.353456
0.645646 0.35281 0.35281 0.352471
0.646647 0.351825 0.351825 0.351487
0.647648 0.35084 0.35084 0.350502
0.648649 0.349854 0.349854 0.349518
0.64965 0.348868 0.348868 0.348533
0.650651 0.347882 0.347882 0.347548
0.651652 0.346896 0.346896 0.346562
0.652653 0.34591 0.34591 0.345577
0.653654 0.344924 0.344924 0.344591
0.654655 0.343937 0.343937 0.343606
0.655656 0.34295 0.34295 0.34262
0.656657 0.341964 0.341964 0.341634
0.657658 0.340977 0.340977 0.340648
0.658659 0.33999 0.33999 0.339662
0.65966 0.339002 0.339002 0.338675
0.660661 0.338015 0.338015 0.337689
0.661662 0.337028 0.337028 0.336702
0.662663 0.33604 0.33604 0.335716
0.663664 0.335052 0.335052 0.334729
0.664665 0.334064 0.334064 0.333742
0.665666 0.333076 0.333076 0.332755
0.666667 0.332088 0.332088 0.331767
0.667668 0.3311 0.3311 0.33078
0.668669 0.330112 0.330112 0.329792
0.66967 0.329123 0.329123 0.328805
0.670671 0.328134 0.328134 0.327817
0.671672 0.327146 0.327146 0.326829
0.672673 0.326157 0.326157 0.325841
0.673674 0.325168 0.325168 0.324853
0.674675 0.324179 0.324179 0.323865
0.675676 0.323189 0.323189 0.322876
0.676677 0.3222 0.3222 0.321888
0.677678 0.32121 0.32121 0.320899
0.678679 0.320221 0.320221 0.31991
0.67968 0.319231 0.319231 0.318922
0.680681 0.318241 0.318241 0.317933
0.681682 0.317251 0.317251 0.316944
0.682683 0.316261 0.316261 0.315955
0.683684 0.315271 0.315271 0.314965
0.684685 0.314281 0.314281 0.313976
0.685686 0.313291 0.313291 0.312986
0.686687 0.3123 0.3123 0.311997
0.687688 0.31131 0.31131 0.311007
0.688689 0.310319 0.310319 0.310017
0.68969 0.309328 0.309328 0.309028
0.690691 0.308337 0.308337 0.308038
0.691692 0.307346 0.307346 0.307048
0.692693 0.306355 0.306355 0.306057
0.693694 0.305364 0.305364 0.305067
0.694695 0.304373 0.304373 0.304077
0.695696 0.303381 0.303381 0.303086
0.696697 0.30239 0.30239 0.302096
0.697698 0.301398 0.301398 0.301105
0.698699 0.300407 0.300407 0.300114
0.6997 0.299415 0.299415 0.299123
0.700701 0.298423 0.298423 0.298133
0.701702 0.297431 0.297431 0.297142
0.702703 0.296439 0.296439 0.29615
0.703704 0.295447 0.295447 0.295159
0.704705 0.294455 0.294455 0.294168
0.705706 0.293463 0.293463 0.293177
0.706707 0.29247 0.29247 0.292185
0.707708 0.291478 0.291478 0.291194
0.708709 0.290485 0.290485 0.290202
0.70971 0.289493 0.289493 0.28921
0.710711 0.2885 0.2885 0.288218
0.711712 0.287507 0.287507 0.287227
0.712713 0.286514 0.286514 0.286235
0.713714 0.285521 0.285521 0.285243
0.714715 0.284528 0.284528 0.28425
0.715716 0.283535 0.283535 0.283258
0.716717 0.282542 0.282542 0.282266
0.717718 0.281549 0.281549 0.281274
0.718719 0.280555 0.280555 0.280281
0.71972 0.279562 0.279562 0.279289
0.720721 0.278568 0.278568 0.278296
0.721722 0.277575 0.277575 0.277304
0.722723 0.276581 0.276581 0.276311
0.723724 0.275588 0.275588 0.275318
0.724725 0.274594 0.274594 0.274325
0.725726 0.2736 0.2736 0.273332
0.726727 0.272606 0.272606 0.272339
0.727728 0.271612 0.271612 0.271346
0.728729 0.270618 0.270618 0.270353
0.72973 0.269624 0.269624 0.26936
0.730731 0.26863 0.26863 0.268367
0.731732 0.267635 0.267635 0.267373
0.732733 0.266641 0.266641 0.26638
0.733734 0.265647 0.265647 0.265386
0.734735 0.264652 0.264652 0.264393
0.735736 0.263658 0.263658 0.263399
0.736737 0.262663 0.262663 0.262406
0.737738 0.261668 0.261668 0.261412
0.738739 0.260674 0.260674 0.260418
0.73974 0.259679 0.259679 0.259424
0.740741 0.258684 0.258684 0.25843
0.741742 0.257689 0.257689 0.257436
0.742743 0.256694 0.256694 0.256442
0.743744 0.255699 0.255699 0.255448
0.744745 0.254704 0.254704 0.254454
0.745746 0.253709 0.253709 0.25346
0.746747 0.252714 0.252714 0.252466
0.747748 0.251718 0.251718 0.251471
0.748749 0.250723 0.250723 0.250477
0.74975 0.249728 0.249728 0.249483
0.750751 0.248732 0.248732 0.248488
0.751752 0.247737 0.247737 0.247494
0.752753 0.246741 0.246741 0.246499
0.753754 0.245746 0.245746 0.245504
0.754755 0.24475 0.24475 0.24451
0.755756 0.243754 0.243754 0.243515
0.756757 0.242759 0.242759 0.24252
0.757758 0.241763 0.241763 0.241525
0.758759 0.240767 0.240767 0.24053
0.75976 0.239771 0.239771 0.239536
0.760761 0.238775 0.238775 0.238541
0.761762 0.237779 0.237779 0.237545
0.762763 0.236783 0.236783 0.23655
0.763764 0.235787 0.235787 0.235555
0.764765 0.234791 0.234791 0.23456
0.765766 0.233795 0.233795 0.233565
0.766767 0.232798 0.232798 0.232569
0.767768 0.231802 0.231802 0.231574
0.768769 0.230806 0.230806 0.230579
0.76977 0.229809 0.229809 0.229583
0.770771 0.228813 0.228813 0.228588
0.771772 0.227816 0.227816 0.227592
0.772773 0.22682 0.22682 0.226597
0.773774 0.225823 0.225823 0.225601
0.774775 0.224827 0.224827 0.224606
0.775776 0.22383 0.22383 0.22361
0.776777 0.222833 0.222833 0.222614
0.777778 0.221837 0.221837 0.221618
0.778779 0.22084 0.22084 0.220623
0.77978 0.219843 0.219843 0.219627
0.780781 0.218846 0.218846 0.218631
0.781782 0.217849 0.217849 0.217635
0.782783 0.216852 0.216852 0.216639
0.783784 0.215855 0.215855 0.215643
0.784785 0.214858 0.214858 0.214647
0.785786 0.213861 0.213861 0.213651
0.786787 0.212864 0.212864 0.212655
0.787788 0.211867 0.211867 0.211658
0.788789 0.21087 0.21087 0.210662
0.78979 0.209873 0.209873 0.209666
0.790791 0.208876 0.208876 0.20867
0.791792 0.207878 0.207878 0.207673
0.792793 0.206881 0.206881 0.206677
0.793794 0.205884 0.205884 0.205681
0.794795 0.204886 0.204886 0.204684
0.795796 0.203889 0.203889 0.203688
0.796797 0.202891 0.202891 0.202691
0.797798 0.201894 0.201894 0.201695
0.798799 0.200896 0.200896 0.200698
0.7998 0.199899 0.199899 0.199702
0.800801 0.198901 0.198901 0.198705
0.801802 0.197903 0.197903 0.197708
0.802803 0.196906 0.196906 0.196712
0.803804 0.195908 0.195908 0.195715
0.804805 0.19491 0.19491 0.194718
0.805806 0.193913 0.193913 0.193721
0.806807 0.192915 0.192915 0.192724
0.807808 0.191917 0.191917 0.191728
0.808809 0.190919 0.190919 0.190731
0.80981 0.189921 0.189921 0.189734
0.810811 0.188923 0.188923 0.188737
0.811812 0.187925 0.187925 0.18774
0.812813 0.186927 0.186927 0.186743
0.813814 0.185929 0.185929 0.185746
0.814815 0.184931 0.184931 0.184749
0.815816 0.183933 0.183933 0.183752
0.816817 0.182935 0.182935 0.182754
0.817818 0.181937 0.181937 0.181757
0.818819 0.180939 0.180939 0.18076
0.81982 0.179941 0.179941 0.179763
0.820821 0.178943 0.178943 0.178766
0.821822 0.177944 0.177944 0.177768
0.822823 0.176946 0.176946 0.176771
0.823824 0.175948 0.175948 0.175774
0.824825 0.174949 0.174949 0.174777
0.825826 0.173951 0.173951 0.173779
0.826827 0.172953 0.172953 0.172782
0.827828 0.171954 0.171954 0.171784
0.828829 0.170956 0.170956 0.170787
0.82983 0.169957 0.169957 0.169789
0.830831 0.168959 0.168959 0.168792
0.831832 0.167961 0.167961 0.167794
0.832833 0.166962 0.166962 0.166797
0.833834 0.165963 0.165963 0.165799
0.834835 0.164965 0.164965 0.164802
0.835836 0.163966 0.163966 0.163804
0.836837 0.162968 0.162968 0.162806
0.837838 0.161969 0.161969 0.161809
0.838839 0.16097 0.16097 0.160811
0.83984 0.159972 0.159972 0.159813
0.840841 0.158973 0.158973 0.158816
0.841842 0.157974 0.157974 0.157818
0.842843 0.156976 0.156976 0.15682
0.843844 0.155977 0.155977 0.155822
0.844845 0.154978 0.154978 0.154825
0.845846 0.153979 0.153979 0.153827
0.846847 0.15298 0.15298 0.152829
0.847848 0.151981 0.151981 0.151831
0.848849 0.150983 0.150983 0.150833
0.84985 0.149984 0.149984 0.149835
0.850851 0.148985 0.148985 0.148837
0.851852 0.147986 0.147986 0.147839
0.852853 0.146987 0.146987 0.146841
0.853854 0.145988 0.145988 0.145843
0.854855 0.144989 0.144989 0.144845
0.855856 0.14399 0.14399 0.143847
0.856857 0.142991 0.142991 0.142849
0.857858 0.141992 0.141992 0.141851
0.858859 0.140993 0.140993 0.140853
0.85986 0.139994 0.139994 0.139855
0.860861 0.138995 0.138995 0.138857
0.861862 0.137995 0.137995 0.137859
0.862863 0.136996 0.136996 0.136861
0.863864 0.135997 0.135997 0.135862
0.864865 0.134998 0.134998 0.134864
0.865866 0.133999 0.133999 0.133866
0.866867 0.132999 0.132999 0.132868
0.867868 0.132 0.132 0.131869
0.868869 0.131001 0.131001 0.130871
0.86987 0.130002 0.130002 0.129873
0.870871 0.129002 0.129002 0.128875
0.871872 0.128003 0.128003 0.127876
0.872873 0.127004 0.127004 0.126878
0.873874 0.126004 0.126004 0.12588
0.874875 0.125005 0.125005 0.124881
0.875876 0.124006 0.124006 0.123883
0.876877 0.123006 0.123006 0.122884
0.877878 0.122007 0.122007 0.121886
0.878879 0.121008 0.121008 0.120888
0.87988 0.120008 0.120008 0.119889
0.880881 0.119009 0.119009 0.118891
0.881882 0.118009 0.118009 0.117892
0.882883 0.11701 0.11701 0.116894
0.883884 0.11601 0.11601 0.115895
0.884885 0.115011 0.115011 0.114897
0.885886 0.114011 0.114011 0.113898
0.886887 0.113012 0.113012 0.1129
0.887888 0.112012 0.112012 0.111901
0.888889 0.111013 0.111013 0.110902
0.88989 0.110013 0.110013 0.109904
0.890891 0.109013 0.109013 0.108905
0.891892 0.108014 0.108014 0.107907
0.892893 0.107014 0.107014 0.106908
0.893894 0.106015 0.106015 0.105909
0.894895 0.105015 0.105015 0.104911
0.895896 0.104015 0.104015 0.103912
0.896897 0.103016 0.103016 0.102913
0.897898 0.102016 0.102016 0.101915
0.898899 0.101016 0.101016 0.100916
0.8999 0.100017 0.100017 0.0999173
0.900901 0.0990169 0.0990169 0.0989186
0.901902 0.0980171 0.0980171 0.0979198
0.902903 0.0970174 0.0970174 0.0969211
0.903904 0.0960176 0.0960176 0.0959223
0.904905 0.0950179 0.0950179 0.0949236
0.905906 0.0940181 0.0940181 0.0939248
0.906907 0.0930183 0.0930183 0.092926
0.907908 0.0920185 0.0920185 0.0919272
0.908909 0.0910187 0.0910187 0.0909283
0.90991 0.0900189 0.0900189 0.0899295
0.910911 0.089019 0.089019 0.0889307
0.911912 0.0880192 0.0880192 0.0879318
0.912913 0.0870193 0.0870193 0.0869329
0.913914 0.0860195 0.0860195 0.0859341
0.914915 0.0850196 0.0850196 0.0849352
0.915916 0.0840197 0.0840197 0.0839363
0.916917 0.0830198 0.0830198 0.0829374
0.917918 0.0820199 0.0820199 0.0819384
0.918919 0.08102 0.08102 0.0809395
0.91992 0.0800201 0.0800201 0.0799406
0.920921 0.0790201 0.0790201 0.0789416
0.921922 0.0780202 0.0780202 0.0779427
0.922923 0.0770202 0.0770202 0.0769437
0.923924 0.0760202 0.0760202 0.0759447
0.924925 0.0750203 0.0750203 0.0749457
0.925926 0.0740203 0.0740203 0.0739467
0.926927 0.0730203 0.0730203 0.0729477
0.927928 0.0720203 0.0720203 0.0719487
0.928929 0.0710202 0.0710202 0.0709497
0.92993 0.0700202 0.0700202 0.0699506
0.930931 0.0690202 0.0690202 0.0689516
0.931932 0.0680201 0.0680201 0.0679525
0.932933 0.0670201 0.0670201 0.0669535
0.933934 0.06602 0.06602 0.0659544
0.934935 0.0650199 0.0650199 0.0649553
0.935936 0.0640199 0.0640199 0.0639562
0.936937 0.0630198 0.0630198 0.0629571
0.937938 0.0620197 0.0620197 0.061958
0.938939 0.0610196 0.0610196 0.0609589
0.93994 0.0600195 0.0600195 0.0599598
0.940941 0.0590193 0.0590193 0.0589607
0.941942 0.0580192 0.0580192 0.0579615
0.942943 0.0570191 0.0570191 0.0569624
0.943944 0.0560189 0.0560189 0.0559632
0.944945 0.0550188 0.0550188 0.0549641
0.945946 0.0540186 0.0540186 0.0539649
0.946947 0.0530184 0.0530184 0.0529657
0.947948 0.0520183 0.0520183 0.0519665
0.948949 0.0510181 0.0510181 0.0509673
0.94995 0.0500179 0.0500179 0.0499681
0.950951 0.0490177 0.0490177 0.0489689
0.951952 0.0480175 0.0480175 0.0479697
0.952953 0.0470172 0.0470172 0.0469705
0.953954 0.046017 0.046017 0.0459713
0.954955 0.0450168 0.0450168 0.044972
0.955956 0.0440166 0.0440166 0.0439728
0.956957 0.0430163 0.0430163 0.0429735
0.957958 0.0420161 0.0420161 0.0419743
0.958959 0.0410158 0.0410158 0.040975
0.95996 0.0400155 0.0400155 0.0399757
0.960961 0.0390153 0.0390153 0.0389765
0.961962 0.038015 0.038015 0.0379772
0.962963 0.0370147 0.0370147 0.0369779
0.963964 0.0360144 0.0360144 0.0359786
0.964965 0.0350141 0.0350141 0.0349793
0.965966 0.0340138 0.0340138 0.03398
0.966967 0.0330135 0.0330135 0.0329806
0.967968 0.0320132 0.0320132 0.0319813
0.968969 0.0310128 0.0310128 0.030982
0.96997 0.0300125 0.0300125 0.0299827
0.970971 0.0290122 0.0290122 0.0289833
0.971972 0.0280118 0.0280118 0.027984
0.972973 0.0270115 0.0270115 0.0269846
0.973974 0.0260111 0.0260111 0.0259853
0.974975 0.0250108 0.0250108 0.0249859
0.975976 0.0240104 0.0240104 0.0239865
0.976977 0.02301 0.02301 0.0229871
0.977978 0.0220097 0.0220097 0.0219878
0.978979 0.0210093 0.0210093 0.0209884
0.97998 0.0200089 0.0200089 0.019989
0.980981 0.0190085 0.0190085 0.0189896
0.981982 0.0180081 0.0180081 0.0179902
0.982983 0.0170077 0.0170077 0.0169908
0.983984 0.0160073 0.0160073 0.0159913
0.984985 0.0150069 0.0150069 0.0149919
0.985986 0.0140064 0.0140064 0.0139925
0.986987 0.013006 0.013006 0.0129931
0.987988 0.0120056 0.0120056 0.0119936
0.988989 0.0110051 0.0110051 0.0109942
0.98999 0.0100047 0.0100047 0.00999473
0.990991 0.00900424 0.00900424 0.00899528
0.991992 0.00800379 0.00800379 0.00799583
0.992993 0.00700334 0.00700334 0.00699636
0.993994 0.00600287 0.00600287 0.0059969
0.994995 0.00500241 0.00500241 0.00499743
0.995996 0.00400193 0.00400193 0.00399795
0.996997 0.00300146 0.00300146 0.00299847
0.997998 0.00200098 0.00200098 0.00199898
0.998999 0.00100049 0.00100049 0.000999495
1 0 0 0
