0 0 0 0.0860034
0.010101 0.0859025 0.0859025 0.162784
0.020202 0.162582 0.162582 0.231228
0.030303 0.230925 0.230925 0.292136
0.040404 0.291733 0.291733 0.346232
0.0505051 0.345728 0.345728 0.394172
0.0606061 0.393566 0.393566 0.436545
0.0707071 0.435839 0.435839 0.473888
0.0808081 0.473081 0.473081 0.506682
0.0909091 0.505775 0.505775 0.535367
0.10101 0.534358 0.534358 0.560335
0.111111 0.559225 0.559225 0.581945
0.121212 0.580734 0.580734 0.600518
0.131313 0.599207 0.599207 0.616347
0.141414 0.614935 0.614935 0.629696
0.151515 0.628183 0.628183 0.640802
0.161616 0.639188 0.639188 0.649881
0.171717 0.648166 0.648166 0.657128
0.181818 0.655312 0.655312 0.662719
0.191919 0.660802 0.660802 0.666812
0.20202 0.664795 0.664795 0.669553
0.212121 0.667435 0.667435 0.67107
0.222222 0.668851 0.668851 0.671482
0.232323 0.669162 0.669162 0.670894
0.242424 0.668473 0.668473 0.669403
0.252525 0.666881 0.666881 0.667095
0.262626 0.664472 0.664472 0.664049
0.272727 0.661325 0.661325 0.660336
0.282828 0.657511 0.657511 0.656019
0.292929 0.653094 0.653094 0.651157
0.30303 0.648131 0.648131 0.645803
0.313131 0.642676 0.642676 0.640003
0.323232 0.636775 0.636775 0.6338
0.333333 0.630472 0.630472 0.627234
0.343434 0.623804 0.623804 0.620338
0.353535 0.616808 0.616808 0.613145
0.363636 0.609514 0.609514 0.605683
0.373737 0.601951 0.601951 0.597979
0.383838 0.594145 0.594145 0.590054
0.393939 0.58612 0.58612 0.581931
0.40404 0.577896 0.577896 0.573629
0.414141 0.569493 0.569493 0.565164
0.424242 0.560927 0.560927 0.556552
0.434343 0.552215 0.552215 0.547808
0.444444 0.54337 0.54337 0.538945
0.454545 0.534405 0.534405 0.529973
0.464646 0.525332 0.525332 0.520903
0.474747 0.516161 0.516161 0.511744
0.484848 0.506902 0.506902 0.502506
0.494949 0.497563 0.497563 0.493195
0.505051 0.488151 0.488151 0.483819
0.515152 0.478674 0.478674 0.474384
0.525253 0.469138 0.469138 0.464895
0.535354 0.459549 0.459549 0.455358
0.545455 0.449911 0.449911 0.445777
0.555556 0.440229 0.440229 0.436158
0.565657 0.430508 0.430508 0.426502
0.575758 0.420752 0.420752 0.416814
0.585859 0.410963 0.410963 0.407097
0.59596 0.401145 0.401145 0.397354
0.606061 0.391301 0.391301 0.387587
0.616162 0.381433 0.381433 0.377798
0.626263 0.371544 0.371544 0.36799
0.636364 0.361635 0.361635 0.358164
0.646465 0.351708 0.351708 0.348323
0.656566 0.341766 0.341766 0.338467
0.666667 0.331809 0.331809 0.328598
0.676768 0.321839 0.321839 0.318717
0.686869 0.311857 0.311857 0.308826
0.69697 0.301865 0.301865 0.298925
0.707071 0.291864 0.291864 0.289015
0.717172 0.281853 0.281853 0.279098
0.727273 0.271835 0.271835 0.269173
0.737374 0.26181 0.26181 0.259243
0.747475 0.251778 0.251778 0.249306
0.757576 0.24174 0.24174 0.239364
0.767677 0.231698 0.231698 0.229418
0.777778 0.22165 0.22165 0.219467
0.787879 0.211598 0.211598 0.209512
0.79798 0.201543 0.201543 0.199554
0.808081 0.191484 0.191484 0.189592
0.818182 0.181421 0.181421 0.179628
0.828283 0.171356 0.171356 0.169661
0.838384 0.161289 0.161289 0.159692
0.848485 0.151218 0.151218 0.149721
0.858586 0.141146 0.141146 0.139748
0.868687 0.131072 0.131072 0.129773
0.878788 0.120997 0.120997 0.119796
0.888889 0.110919 0.110919 0.109818
0.89899 0.10084 0.10084 0.0998393
0.909091 0.0907605 0.0907605 0.0898591
0.919192 0.0806793 0.0806793 0.0798777
0.929293 0.0705971 0.0705971 0.0698955
0.939394 0.060514 0.060514 0.0599124
0.949495 0.05043 0.05043 0.0499285
0.959596 0.0403453 0.0403453 0.039944
0.969697 0.0302598 0.0302598 0.0299588
0.979798 0.0201738 0.0201738 0.019973
0.989899 0.0100871 0.0100871 0.00998673
1 0 0 1.00128e-307
