1 0 0
1 6.88097e-05 0
1 0.000137619 0
1 0.000206429 0
1 0.000275239 0
1 0.000344048 0
1 0.000412858 0
1 0.000481668 0
1 0.000550478 0
1 0.000619287 0
1 0.000688097 0
1 0.000756907 0
1 0.000825716 0
1 0.000894526 0
1 0.000963336 0
0.999999 0.00103215 0
0.999999 0.00110095 0
0.999999 0.00116976 0
0.999999 0.00123857 0
0.999999 0.00130738 0
0.999999 0.00137619 0
0.999999 0.001445 0
0.999999 0.00151381 0
0.999999 0.00158262 0
0.999999 0.00165143 0
0.999999 0.00172024 0
0.999998 0.00178905 0
0.999998 0.00185786 0
0.999998 0.00192667 0
0.999998 0.00199548 0
0.999998 0.00206429 0
0.999998 0.0021331 0
0.999998 0.00220191 0
0.999997 0.00227072 0
0.999997 0.00233953 0
0.999997 0.00240834 0
0.999997 0.00247715 0
0.999997 0.00254596 0
0.999997 0.00261477 0
0.999996 0.00268357 0
0.999996 0.00275238 0
0.999996 0.00282119 0
0.999996 0.00289 0
0.999996 0.00295881 0
0.999995 0.00302762 0
0.999995 0.00309643 0
0.999995 0.00316524 0
0.999995 0.00323405 0
0.999995 0.00330286 0
0.999994 0.00337167 0
0.999994 0.00344048 0
0.999994 0.00350929 0
0.999994 0.0035781 0
0.999993 0.00364691 0
0.999993 0.00371572 0
0.999993 0.00378452 0
0.999993 0.00385333 0
0.999992 0.00392214 0
0.999992 0.00399095 0
0.999992 0.00405976 0
0.999991 0.00412857 0
0.999991 0.00419738 0
0.999991 0.00426619 0
0.999991 0.004335 0
0.99999 0.00440381 0
0.99999 0.00447262 0
0.99999 0.00454142 0
0.999989 0.00461023 0
0.999989 0.00467904 0
0.999989 0.00474785 0
0.999988 0.00481666 0
0.999988 0.00488547 0
0.999988 0.00495428 0
0.999987 0.00502309 0
0.999987 0.0050919 0
0.999987 0.0051607 0
0.999986 0.00522951 0
0.999986 0.00529832 0
0.999986 0.00536713 0
0.999985 0.00543594 0
0.999985 0.00550475 0
0.999984 0.00557356 0
0.999984 0.00564237 0
0.999984 0.00571117 0
0.999983 0.00577998 0
0.999983 0.00584879 0
0.999982 0.0059176 0
0.999982 0.00598641 0
0.999982 0.00605522 0
0.999981 0.00612402 0
0.999981 0.00619283 0
0.99998 0.00626164 0
0.99998 0.00633045 0
0.99998 0.00639926 0
0.999979 0.00646807 0
0.999979 0.00653687 0
0.999978 0.00660568 0
0.999978 0.00667449 0
0.999977 0.0067433 0
0.999977 0.00681211 0
0.999976 0.00688092 0
0.999976 0.00694972 0
0.999975 0.00701853 0
0.999975 0.00708734 0
0.999974 0.00715615 0
0.999974 0.00722496 0
0.999973 0.00729376 0
0.999973 0.00736257 0
0.999972 0.00743138 0
0.999972 0.00750019 0
0.999971 0.00756899 0
0.999971 0.0076378 0
0.99997 0.00770661 0
0.99997 0.00777542 0
0.999969 0.00784422 0
0.999969 0.00791303 0
0.999968 0.00798184 0
0.999968 0.00805065 0
0.999967 0.00811945 0
0.999966 0.00818826 0
0.999966 0.00825707 0
0.999965 0.00832588 0
0.999965 0.00839468 0
0.999964 0.00846349 0
0.999964 0.0085323 0
0.999963 0.00860111 0
0.999962 0.00866991 0
0.999962 0.00873872 0
0.999961 0.00880753 0
0.999961 0.00887633 0
0.99996 0.00894514 0
0.999959 0.00901395 0
0.999959 0.00908275 0
0.999958 0.00915156 0
0.999957 0.00922037 0
0.999957 0.00928918 0
0.999956 0.00935798 0
0.999956 0.00942679 0
0.999955 0.0094956 0
0.999954 0.0095644 0
0.999954 0.00963321 0
0.999953 0.00970201 0
0.999952 0.00977082 0
0.999952 0.00983963 0
0.999951 0.00990843 0
0.99995 0.00997724 0
0.99995 0.010046 0
0.999949 0.0101149 0
0.999948 0.0101837 0
0.999947 0.0102525 0
0.999947 0.0103213 0
0.999946 0.0103901 0
0.999945 0.0104589 0
0.999945 0.0105277 0
0.999944 0.0105965 0
0.999943 0.0106653 0
0.999942 0.0107341 0
0.999942 0.0108029 0
0.999941 0.0108717 0
0.99994 0.0109405 0
0.999939 0.0110093 0
0.999939 0.0110781 0
0.999938 0.0111469 0
0.999937 0.0112157 0
0.999936 0.0112846 0
0.999936 0.0113534 0
0.999935 0.0114222 0
0.999934 0.011491 0
0.999933 0.0115598 0
0.999932 0.0116286 0
0.999932 0.0116974 0
0.999931 0.0117662 0
0.99993 0.011835 0
0.999929 0.0119038 0
0.999928 0.0119726 0
0.999927 0.0120414 0
0.999927 0.0121102 0
0.999926 0.012179 0
0.999925 0.0122478 0
0.999924 0.0123166 0
0.999923 0.0123854 0
0.999922 0.0124542 0
0.999922 0.012523 0
0.999921 0.0125918 0
0.99992 0.0126606 0
0.999919 0.0127294 0
0.999918 0.0127983 0
0.999917 0.0128671 0
0.999916 0.0129359 0
0.999915 0.0130047 0
0.999915 0.0130735 0
0.999914 0.0131423 0
0.999913 0.0132111 0
0.999912 0.0132799 0
0.999911 0.0133487 0
0.99991 0.0134175 0
0.999909 0.0134863 0
0.999908 0.0135551 0
0.999907 0.0136239 0
0.999906 0.0136927 0
0.999905 0.0137615 0
0.999904 0.0138303 0
0.999903 0.0138991 0
0.999902 0.0139679 0
0.999901 0.0140367 0
0.999901 0.0141055 0
0.9999 0.0141743 0
0.999899 0.0142431 0
0.999898 0.0143119 0
0.999897 0.0143807 0
0.999896 0.0144495 0
0.999895 0.0145183 0
0.999894 0.0145871 0
0.999893 0.0146559 0
0.999892 0.0147247 0
0.999891 0.0147935 0
0.99989 0.0148623 0
0.999889 0.0149311 0
0.999887 0.015 0
0.999886 0.0150688 0
0.999885 0.0151376 0
0.999884 0.0152064 0
0.999883 0.0152752 0
0.999882 0.015344 0
0.999881 0.0154128 0
0.99988 0.0154816 0
0.999879 0.0155504 0
0.999878 0.0156192 0
0.999877 0.015688 0
0.999876 0.0157568 0
0.999875 0.0158256 0
0.999874 0.0158944 0
0.999873 0.0159632 0
0.999871 0.016032 0
0.99987 0.0161008 0
0.999869 0.0161696 0
0.999868 0.0162384 0
0.999867 0.0163072 0
0.999866 0.016376 0
0.999865 0.0164448 0
0.999864 0.0165136 0
0.999863 0.0165824 0
0.999861 0.0166512 0
0.99986 0.01672 0
0.999859 0.0167888 0
0.999858 0.0168576 0
0.999857 0.0169264 0
0.999856 0.0169952 0
0.999854 0.017064 0
0.999853 0.0171328 0
