0.712304
0.708508
0.704725
0.700955
0.715534
0.711727
0.707933
0.704152
0.718774
0.714955
0.71115
0.707358
0.703579
0.718194
0.714377
0.710573
0.706783
0.703007
0.717613
0.713799
0.709997
0.706209
0.702434
0.717033
0.713221
0.709421
0.705635
0.701862
0.716454
0.712643
0.708846
0.705062
0.701291
0.715874
0.712066
0.70827
0.704488
0.70072
0.715295
0.711489
0.707695
0.703915
0.700149
0.714716
0.710912
0.707121
0.703343
0.699578
0.714138
0.710335
0.706546
0.70277
0.699008
0.71356
0.709759
0.705972
0.702198
0.698438
0.712982
0.709184
0.705398
0.701626
0.697868
0.712405
0.708608
0.704825
0.701055
0.697298
0.711827
0.708033
0.704252
0.700484
0.696729
0.71125
0.707458
0.703679
0.699913
0.714478
0.710674
0.706883
0.703106
0.699342
0.713899
0.710098
0.706309
0.702534
0.698772
0.713321
0.709522
0.705735
0.701962
0.698202
0.712744
0.708946
0.705162
0.70139
0.697633
0.712166
0.708371
0.704588
0.700819
0.697063
0.711589
0.707795
0.704015
0.700248
0.696494
0.711012
0.707221
0.703442
0.699677
0.695925
0.710436
0.706646
0.70287
0.699107
0.695357
0.70986
0.706072
0.702298
0.698537
0.694789
0.709284
0.705498
0.701726
0.697967
0.694221
0.708708
0.704925
0.701155
0.697397
0.693653
0.708133
0.704352
0.700583
0.696828
0.693086
0.707558
0.703779
0.700012
0.696259
0.692519
0.706983
0.703206
0.699442
0.695691
0.710198
0.706409
0.702634
0.698871
0.695122
0.709622
0.705835
0.702062
0.698301
0.694554
0.709046
0.705261
0.70149
0.697732
0.693986
0.708471
0.704688
0.700919
0.697162
0.693419
0.707896
0.704115
0.700348
0.696593
0.692852
0.707321
0.703542
0.699777
0.696024
0.692285
0.706746
0.70297
0.699206
0.695456
0.691718
0.706172
0.702397
0.698636
0.694888
0.691152
0.705598
0.701826
0.698066
0.69432
0.690586
0.705025
0.701254
0.697497
0.693752
0.69002
0.704451
0.700683
0.696927
0.693185
0.689455
0.703878
0.700112
0.696358
0.692618
0.68889
0.703306
0.699541
0.695789
0.692051
0.688325
0.702733
0.698971
0.695221
0.691484
0.705935
0.702161
0.698401
0.694653
0.690918
0.705361
0.701589
0.697831
0.694085
0.690352
0.704788
0.701018
0.697261
0.693518
0.689787
0.704215
0.700447
0.696692
0.69295
0.689222
0.703642
0.699876
0.696123
0.692384
0.688657
0.703069
0.699305
0.695555
0.691817
0.688092
0.702497
0.698735
0.694986
0.691251
0.687528
0.701925
0.698165
0.694418
0.690685
0.686963
0.701353
0.697596
0.693851
0.690119
0.6864
0.700782
0.697026
0.693283
0.689553
0.685836
0.700211
0.696457
0.692716
0.688988
0.685273
0.69964
0.695888
0.692149
0.688423
0.68471
0.69907
0.69532
0.691583
0.687859
0.684147
0.6985
0.694752
0.691017
0.687294
0.701689
0.69793
0.694184
0.690451
0.68673
0.701117
0.69736
0.693616
0.689885
0.686167
0.700546
0.696791
0.693049
0.68932
0.685603
0.699975
0.696222
0.692482
0.688755
0.68504
0.699405
0.695653
0.691915
0.68819
0.684477
0.698834
0.695085
0.691349
0.687626
0.683915
0.698264
0.694517
0.690783
0.687061
0.683353
0.697694
0.693949
0.690217
0.686498
0.682791
0.697125
0.693382
0.689652
0.685934
0.682229
0.696556
0.692815
0.689086
0.685371
0.681668
0.695987
0.692248
0.688521
0.684808
0.681107
0.695419
0.691681
0.687957
0.684245
0.680546
0.69485
0.691115
0.687392
0.683683
0.679985
0.694282
0.690549
0.686828
0.68312
0.697459
0.693715
0.689983
0.686265
0.682559
0.69689
0.693147
0.689418
0.685701
0.681997
0.696321
0.69258
0.688853
0.685138
0.681436
0.695752
0.692014
0.688288
0.684575
0.680875
0.695184
0.691447
0.687724
0.684013
0.680314
0.694616
0.690881
0.687159
0.68345
0.679754
0.694048
0.690315
0.686595
0.682888
0.679194
0.69348
0.68975
0.686032
0.682327
0.678634
0.692913
0.689184
0.685468
0.681765
0.678074
0.692346
0.688619
0.684905
0.681204
0.677515
0.69178
0.688055
0.684343
0.680643
0.676956
0.691213
0.68749
0.68378
0.680083
0.676397
0.690647
0.686926
0.683218
0.679522
0.675839
0.690081
0.686362
0.682656
0.678962
0.693246
0.689516
0.685799
0.682094
0.678403
0.692679
0.688951
0.685236
0.681533
0.677843
