5.10253
5.10905
5.10389
5.11042
5.10526
5.11179
5.10663
5.10148
5.108
5.10285
5.10937
5.10421
5.11074
5.10558
5.11211
5.10695
5.1018
5.10832
5.10317
5.10969
5.10453
5.11106
5.1059
5.10075
5.10727
5.10212
5.10864
5.10349
5.11001
5.10485
5.11138
5.10622
5.10107
5.10759
5.10244
5.10896
5.1038
5.11033
5.10517
5.1117
5.10654
5.10139
5.10791
5.10276
5.10928
5.10412
5.11065
5.10549
5.11202
5.10686
5.10171
5.10823
5.10308
5.1096
5.10444
5.11097
5.10581
5.10066
5.10718
5.10203
5.10855
5.1034
5.10992
5.10476
5.11129
5.10613
5.10098
5.1075
5.10235
5.10887
5.10372
5.11024
5.10508
5.11161
5.10645
5.1013
5.10782
5.10267
5.10919
5.10403
5.11056
5.1054
5.11193
5.10677
5.10162
5.10814
5.10299
5.10951
5.10435
5.11088
5.10572
5.10057
5.10709
5.10194
5.10846
5.10331
5.10983
5.10467
5.1112
5.10604
5.10089
5.10741
5.10226
5.10878
5.10363
5.11015
5.10499
5.11152
5.10636
5.10121
5.10773
5.10258
5.1091
5.10394
5.11047
5.10531
5.11184
5.10668
5.10153
5.10805
5.1029
5.10942
5.10426
5.11079
5.10563
5.10048
5.107
5.10185
5.10837
5.10322
5.10974
5.10458
5.11111
5.10595
5.1008
5.10732
5.10217
5.10869
5.10354
5.11006
5.1049
5.11143
5.10627
5.10112
5.10764
5.10249
5.10901
5.10386
5.11038
5.10522
5.11175
5.10659
5.10144
5.10796
5.10281
5.10933
5.10417
5.1107
5.10554
5.10039
5.10691
5.10176
5.10828
5.10313
5.10965
5.10449
5.11102
5.10586
5.10071
5.10723
5.10208
5.1086
5.10345
5.10997
5.10481
5.11134
5.10618
5.10103
5.10755
5.1024
5.10892
5.10377
5.11029
5.10513
5.11166
5.1065
5.10135
5.10787
5.10272
5.10924
5.10409
5.11061
5.10545
5.1003
5.10682
5.10167
5.10819
5.10304
5.10956
5.1044
5.11093
5.10577
5.10062
5.10714
5.10199
5.10851
5.10336
5.10988
5.10472
5.11125
5.10609
5.10094
5.10746
5.10231
5.10883
5.10368
5.1102
5.10504
5.11157
5.10641
5.10126
5.10778
5.10263
5.10915
5.104
5.11052
5.10536
5.10021
5.10673
5.10158
5.1081
5.10295
5.10947
5.10432
5.11084
5.10568
5.10053
5.10705
5.1019
5.10842
5.10327
5.10979
5.10463
5.11116
5.106
5.10085
5.10737
5.10222
5.10874
5.10359
5.11011
5.10495
5.11148
5.10632
5.10117
5.10769
5.10254
5.10906
5.10391
5.11043
5.10527
5.10012
5.10664
5.10149
5.10801
5.10286
5.10938
5.10423
5.11075
5.10559
5.10044
5.10696
5.10181
5.10833
5.10318
5.1097
5.10454
5.11107
5.10591
5.10076
5.10728
5.10213
5.10865
5.1035
5.11002
5.10486
5.11139
5.10623
5.10108
5.1076
5.10245
5.10897
5.10382
5.11034
5.10518
5.10004
5.10655
5.1014
5.10792
5.10277
5.10929
5.10414
5.11066
5.1055
5.10035
5.10687
5.10172
5.10824
5.10309
5.10961
5.10446
5.11098
5.10582
5.10067
5.10719
5.10204
5.10856
5.10341
5.10993
5.10477
5.09963
5.10614
5.10099
5.10751
5.10236
5.10888
5.10373
5.11025
5.10509
5.09995
5.10646
5.10131
5.10783
5.10268
5.1092
5.10405
5.11057
5.10541
5.10026
5.10678
5.10163
5.10815
5.103
5.10952
5.10437
5.11089
5.10573
5.10058
5.1071
5.10195
5.10847
5.10332
5.10984
5.10469
5.09954
5.10605
5.1009
5.10742
5.10227
5.10879
5.10364
5.11016
5.105
5.09986
5.10637
5.10122
5.10774
5.10259
5.10911
5.10396
5.11048
5.10532
5.10018
5.10669
5.10154
5.10806
5.10291
5.10943
5.10428
5.1108
5.10564
5.10049
5.10701
5.10186
5.10838
5.10323
5.10975
5.1046
5.09945
5.10596
5.10081
5.10733
5.10218
5.1087
5.10355
5.11007
5.10492
5.09977
5.10628
5.10113
5.10765
5.1025
5.10902
5.10387
5.11039
5.10523
5.10009
5.1066
5.10145
5.10797
5.10282
5.10934
5.10419
5.11071
5.10555
5.1004
5.10692
5.10177
5.10829
5.10314
5.10966
5.10451
5.09936
5.10587
5.10072
5.10724
5.10209
5.10861
5.10346
5.10998
5.10483
5.09968
