1 0 0 
0.999822 0.0282727 0 
0.99929 0.0565353 0 
0.998403 0.0847779 0 
0.997164 0.112991 0 
0.995574 0.141164 0 
0.993637 0.169287 0 
0.991354 0.197352 0 
0.988731 0.225349 0 
0.985771 0.25327 0 
0.982478 0.281105 0 
0.978859 0.308846 0 
0.974918 0.336486 0 
0.970661 0.364017 0 
0.966095 0.391432 0 
0.961226 0.418724 0 
0.95606 0.445887 0 
0.950605 0.472916 0 
0.944868 0.499804 0 
0.938856 0.526546 0 
0.932577 0.553139 0 
0.926037 0.579577 0 
0.919245 0.605858 0 
0.912209 0.631977 0 
0.904935 0.657932 0 
0.897432 0.68372 0 
0.889707 0.709339 0 
0.881767 0.734787 0 
0.87362 0.760062 0 
0.865273 0.785163 0 
0.856733 0.81009 0 
0.848008 0.834841 0 
0.839104 0.859416 0 
0.830027 0.883815 0 
0.820786 0.908037 0 
0.811385 0.932084 0 
0.801831 0.955955 0 
0.792131 0.979651 0 
0.78229 1.00317 0 
0.772314 1.02652 0 
0.762208 1.0497 0 
0.751979 1.07271 0 
0.74163 1.09554 0 
0.731168 1.11821 0 
0.720597 1.14071 0 
0.709921 1.16305 0 
0.699146 1.18522 0 
0.688275 1.20724 0 
0.677314 1.22909 0 
0.666265 1.25078 0 
0.655133 1.27232 0 
0.643922 1.29371 0 
0.632634 1.31494 0 
0.621275 1.33602 0 
0.609846 1.35695 0 
0.598352 1.37774 0 
0.586795 1.39838 0 
0.575178 1.41888 0 
0.563504 1.43924 0 
0.551776 1.45946 0 
0.539996 1.47954 0 
0.528167 1.49949 0 
0.516292 1.51931 0 
0.504372 1.53899 0 
0.49241 1.55855 0 
0.480407 1.57798 0 
0.468367 1.59729 0 
0.456291 1.61647 0 
0.44418 1.63553 0 
0.432037 1.65447 0 
0.419863 1.6733 0 
0.407661 1.69201 0 
0.39543 1.7106 0 
0.383174 1.72909 0 
0.370893 1.74746 0 
0.358589 1.76572 0 
0.346264 1.78388 0 
0.333918 1.80193 0 
0.321552 1.81987 0 
0.309169 1.83771 0 
0.296768 1.85546 0 
0.284352 1.8731 0 
0.27192 1.89065 0 
0.259475 1.90809 0 
0.247017 1.92545 0 
0.234547 1.94271 0 
0.222066 1.95988 0 
0.209574 1.97696 0 
0.197074 1.99394 0 
0.184564 2.01084 0 
0.172046 2.02766 0 
0.159521 2.04438 0 
0.14699 2.06103 0 
0.134453 2.07759 0 
0.12191 2.09407 0 
0.109362 2.11047 0 
0.096811 2.12678 0 
0.0842559 2.14303 0 
0.0716978 2.15919 0 
0.0591372 2.17528 0 
0.0465745 2.19129 0 
0.0340103 2.20723 0 
0.0214449 2.22309 0 
0.00887887 2.23888 0 
-0.00368747 2.25461 0 
-0.0162537 2.27026 0 
-0.0288194 2.28584 0 
-0.0413843 2.30136 0 
-0.053948 2.31681 0 
-0.0665101 2.33219 0 
-0.0790704 2.34751 0 
-0.0916285 2.36276 0 
-0.104184 2.37795 0 
-0.116737 2.39308 0 
-0.129287 2.40814 0 
-0.141834 2.42315 0 
-0.154377 2.43809 0 
-0.166916 2.45297 0 
-0.179451 2.4678 0 
-0.191982 2.48257 0 
-0.204509 2.49728 0 
-0.217031 2.51193 0 
-0.229549 2.52653 0 
-0.242061 2.54107 0 
-0.254568 2.55556 0 
-0.26707 2.57 0 
-0.279566 2.58438 0 
-0.292057 2.59871 0 
-0.304541 2.61299 0 
-0.31702 2.62722 0 
-0.329493 2.6414 0 
-0.34196 2.65552 0 
-0.35442 2.6696 0 
-0.366874 2.68363 0 
-0.379321 2.69761 0 
-0.391762 2.71155 0 
-0.404196 2.72544 0 
-0.416623 2.73928 0 
-0.429043 2.75307 0 
-0.441455 2.76682 0 
-0.453861 2.78053 0 
-0.46626 2.79419 0 
-0.478651 2.80781 0 
-0.491035 2.82138 0 
-0.503412 2.83492 0 
-0.515781 2.84841 0 
-0.528142 2.86185 0 
-0.540496 2.87526 0 
-0.552842 2.88863 0 
-0.565181 2.90195 0 
-0.577512 2.91524 0 
-0.589834 2.92849 0 
-0.602149 2.94169 0 
-0.614457 2.95486 0 
-0.626756 2.96799 0 
-0.639047 2.98108 0 
-0.65133 2.99414 0 
-0.663605 3.00716 0 
-0.675873 3.02014 0 
-0.688131 3.03309 0 
-0.700382 3.046 0 
-0.712625 3.05887 0 
-0.72486 3.07171 0 
-0.737086 3.08451 0 
-0.749304 3.09728 0 
-0.761514 3.11002 0 
-0.773716 3.12272 0 
-0.785909 3.13539 0 
-0.798094 3.14803 0 
-0.810271 3.16063 0 
-0.82244 3.1732 0 
-0.8346 3.18574 0 
-0.846752 3.19825 0 
-0.858896 3.21073 0 
-0.871031 3.22317 0 
-0.883158 3.23559 0 
-0.895277 3.24797 0 
-0.907387 3.26032 0 
-0.919489 3.27265 0 
-0.931583 3.28494 0 
-0.943668 3.29721 0 
-0.955746 3.30944 0 
-0.967814 3.32165 0 
-0.979875 3.33383 0 
-0.991927 3.34598 0 
-1.00397 3.3581 0 
-1.01601 3.37019 0 
-1.02803 3.38226 0 
-1.04005 3.3943 0 
-1.05206 3.40631 0 
-1.06407 3.4183 0 
-1.07606 3.43026 0 
-1.08805 3.44219 0 
-1.10003 3.4541 0 
-1.11199 3.46598 0 
-1.12396 3.47784 0 
-1.13591 3.48967 0 
-1.14785 3.50148 0 
-1.15979 3.51326 0 
-1.17172 3.52501 0 
-1.18364 3.53675 0 
-1.19555 3.54845 0 
-1.20746 3.56014 0 
-1.21936 3.5718 0 
-1.23124 3.58343 0 
-1.24312 3.59505 0 
-1.255 3.60664 0 
-1.26686 3.6182 0 
-1.27872 3.62975 0 
-1.29057 3.64127 0 
-1.30241 3.65277 0 
-1.31424 3.66424 0 
-1.32606 3.6757 0 
-1.33788 3.68713 0 
-1.34969 3.69854 0 
-1.36149 3.70993 0 
-1.37328 3.7213 0 
-1.38507 3.73265 0 
-1.39685 3.74397 0 
-1.40862 3.75528 0 
-1.42038 3.76656 0 
-1.43213 3.77782 0 
-1.44388 3.78907 0 
-1.45562 3.80029 0 
-1.46735 3.81149 0 
-1.47907 3.82268 0 
-1.49079 3.83384 0 
-1.5025 3.84498 0 
-1.5142 3.85611 0 
-1.52589 3.86721 0 
-1.53758 3.8783 0 
-1.54925 3.88937 0 
-1.56092 3.90042 0 
-1.57259 3.91145 0 
-1.58424 3.92246 0 
-1.59589 3.93345 0 
-1.60753 3.94442 0 
-1.61916 3.95538 0 
-1.63079 3.96632 0 
-1.64241 3.97724 0 
-1.65402 3.98814 0 
-1.66562 3.99903 0 
-1.67722 4.00989 0 
-1.68881 4.02074 0 
-1.70039 4.03158 0 
-1.71197 4.04239 0 
-1.72354 4.05319 0 
-1.7351 4.06397 0 
-1.74665 4.07474 0 
-1.7582 4.08549 0 
-1.76974 4.09622 0 
-1.78127 4.10694 0 
-1.79279 4.11764 0 
-1.80431 4.12832 0 
-1.81582 4.13899 0 
-1.82733 4.14964 0 
-1.83882 4.16027 0 
-1.85031 4.17089 0 
-1.8618 4.1815 0 
-1.87327 4.19209 0 
-1.88474 4.20266 0 
-1.89621 4.21322 0 
-1.90766 4.22376 0 
-1.91911 4.23429 0 
-1.93055 4.2448 0 
-1.94199 4.2553 0 
-1.95342 4.26578 0 
-1.96484 4.27625 0 
-1.97626 4.28671 0 
-1.98766 4.29715 0 
-1.99907 4.30757 0 
-2.01046 4.31798 0 
-2.02185 4.32838 0 
-2.03323 4.33876 0 
-2.04461 4.34913 0 
-2.05598 4.35949 0 
-2.06734 4.36983 0 
-2.0787 4.38015 0 
-2.09004 4.39047 0 
-2.10139 4.40077 0 
-2.11272 4.41105 0 
-2.12406 4.42133 0 
-2.13538 4.43159 0 
-2.1467 4.44183 0 
-2.15801 4.45207 0 
-2.16931 4.46229 0 
-2.18061 4.47249 0 
-2.1919 4.48269 0 
-2.20319 4.49287 0 
-2.21447 4.50304 0 
-2.22574 4.51319 0 
-2.23701 4.52334 0 
-2.24827 4.53347 0 
-2.25953 4.54359 0 
-2.27077 4.55369 0 
-2.28202 4.56379 0 
-2.29325 4.57387 0 
-2.30448 4.58394 0 
-2.31571 4.594 0 
-2.32693 4.60404 0 
-2.33814 4.61408 0 
-2.34934 4.6241 0 
-2.36055 4.63411 0 
-2.37174 4.64411 0 
-2.38293 4.65409 0 
-2.39411 4.66407 0 
-2.40529 4.67403 0 
-2.41646 4.68398 0 
-2.42762 4.69393 0 
-2.43878 4.70385 0 
-2.44993 4.71377 0 
-2.46108 4.72368 0 
-2.47222 4.73358 0 
-2.48336 4.74346 0 
-2.49449 4.75334 0 
-2.50561 4.7632 0 
-2.51673 4.77305 0 
-2.52785 4.78289 0 
-2.53895 4.79272 0 
-2.55005 4.80254 0 
-2.56115 4.81235 0 
-2.57224 4.82215 0 
-2.58333 4.83194 0 
-2.5944 4.84172 0 
-2.60548 4.85149 0 
-2.61655 4.86124 0 
-2.62761 4.87099 0 
-2.63867 4.88073 0 
-2.64972 4.89045 0 
-2.66076 4.90017 0 
-2.6718 4.90988 0 
-2.68284 4.91957 0 
-2.69387 4.92926 0 
-2.70489 4.93894 0 
-2.71591 4.9486 0 
-2.72693 4.95826 0 
-2.73793 4.96791 0 
-2.74894 4.97754 0 
-2.75994 4.98717 0 
-2.77093 4.99679 0 
-2.78191 5.0064 0 
-2.7929 5.016 0 
-2.80387 5.02559 0 
-2.81484 5.03517 0 
-2.82581 5.04474 0 
-2.83677 5.0543 0 
-2.84773 5.06386 0 
-2.85868 5.0734 0 
-2.86962 5.08294 0 
-2.88056 5.09246 0 
-2.8915 5.10198 0 
-2.90243 5.11148 0 
-2.91335 5.12098 0 
-2.92427 5.13047 0 
-2.93519 5.13995 0 
-2.9461 5.14943 0 
-2.957 5.15889 0 
-2.9679 5.16834 0 
-2.9788 5.17779 0 
-2.98969 5.18723 0 
-3.00057 5.19665 0 
-3.01145 5.20608 0 
-3.02233 5.21549 0 
-3.0332 5.22489 0 
-3.04406 5.23428 0 
-3.05492 5.24367 0 
-3.06578 5.25305 0 
-3.07663 5.26242 0 
-3.08748 5.27178 0 
-3.09832 5.28113 0 
-3.10915 5.29048 0 
-3.11999 5.29982 0 
-3.13081 5.30914 0 
-3.14164 5.31846 0 
-3.15245 5.32778 0 
-3.16327 5.33708 0 
-3.17407 5.34638 0 
-3.18488 5.35567 0 
-3.19567 5.36495 0 
-3.20647 5.37422 0 
-3.21726 5.38349 0 
-3.22804 5.39275 0 
-3.23882 5.402 0 
-3.2496 5.41124 0 
-3.26037 5.42047 0 
-3.27113 5.4297 0 
-3.2819 5.43892 0 
-3.29265 5.44813 0 
-3.30341 5.45733 0 
-3.31415 5.46653 0 
-3.3249 5.47572 0 
-3.33564 5.4849 0 
-3.34637 5.49408 0 
-3.3571 5.50325 0 
-3.36783 5.51241 0 
-3.37855 5.52156 0 
-3.38926 5.5307 0 
-3.39998 5.53984 0 
-3.41069 5.54897 0 
-3.42139 5.5581 0 
-3.43209 5.56721 0 
-3.44278 5.57632 0 
-3.45347 5.58543 0 
-3.46416 5.59452 0 
-3.47484 5.60361 0 
-3.48552 5.61269 0 
-3.49619 5.62177 0 
-3.50686 5.63084 0 
-3.51753 5.6399 0 
-3.52819 5.64895 0 
-3.53884 5.658 0 
-3.54949 5.66704 0 
-3.56014 5.67608 0 
-3.57079 5.6851 0 
-3.58142 5.69412 0 
-3.59206 5.70314 0 
-3.60269 5.71215 0 
-3.61332 5.72115 0 
-3.62394 5.73014 0 
-3.63456 5.73913 0 
-3.64517 5.74811 0 
-3.65578 5.75709 0 
-3.66639 5.76605 0 
-3.67699 5.77502 0 
-3.68759 5.78397 0 
-3.69818 5.79292 0 
-3.70877 5.80186 0 
-3.71936 5.8108 0 
-3.72994 5.81973 0 
-3.74052 5.82865 0 
-3.75109 5.83757 0 
-3.76166 5.84648 0 
-3.77223 5.85539 0 
-3.78279 5.86429 0 
-3.79335 5.87318 0 
-3.8039 5.88207 0 
-3.81445 5.89095 0 
-3.825 5.89983 0 
-3.83554 5.90869 0 
-3.84608 5.91756 0 
-3.85662 5.92641 0 
-3.86715 5.93526 0 
-3.87767 5.94411 0 
-3.8882 5.95295 0 
-3.89871 5.96178 0 
-3.90923 5.97061 0 
-3.91974 5.97943 0 
-3.93025 5.98825 0 
-3.94075 5.99706 0 
-3.95125 6.00586 0 
-3.96175 6.01466 0 
-3.97224 6.02345 0 
-3.98273 6.03224 0 
-3.99322 6.04102 0 
-4.0037 6.0498 0 
-4.01417 6.05857 0 
-4.02465 6.06733 0 
-4.03512 6.07609 0 
-4.04558 6.08484 0 
-4.05605 6.09359 0 
-4.06651 6.10233 0 
-4.07696 6.11107 0 
-4.08741 6.1198 0 
-4.09786 6.12853 0 
-4.10831 6.13725 0 
-4.11875 6.14596 0 
-4.12918 6.15467 0 
-4.13962 6.16337 0 
-4.15005 6.17207 0 
-4.16047 6.18077 0 
-4.1709 6.18945 0 
-4.18132 6.19814 0 
-4.19173 6.20682 0 
-4.20214 6.21549 0 
-4.21255 6.22415 0 
-4.22296 6.23282 0 
-4.23336 6.24147 0 
-4.24376 6.25012 0 
-4.25415 6.25877 0 
-4.26454 6.26741 0 
-4.27493 6.27605 0 
-4.28531 6.28468 0 
-4.2957 6.29331 0 
-4.30607 6.30193 0 
-4.31645 6.31054 0 
-4.32682 6.31915 0 
-4.33718 6.32776 0 
-4.34755 6.33636 0 
-4.35791 6.34496 0 
-4.36826 6.35355 0 
-4.37862 6.36213 0 
-4.38897 6.37071 0 
-4.39931 6.37929 0 
-4.40966 6.38786 0 
-4.42 6.39643 0 
-4.43033 6.40499 0 
-4.44067 6.41355 0 
-4.451 6.4221 0 
-4.46132 6.43065 0 
-4.47165 6.43919 0 
-4.48197 6.44773 0 
-4.49228 6.45626 0 
-4.5026 6.46479 0 
-4.51291 6.47331 0 
-4.52321 6.48183 0 
-4.53352 6.49035 0 
-4.54382 6.49886 0 
-4.55412 6.50736 0 
-4.56441 6.51586 0 
-4.5747 6.52436 0 
-4.58499 6.53285 0 
-4.59527 6.54133 0 
-4.60555 6.54982 0 
-4.61583 6.55829 0 
-4.62611 6.56677 0 
-4.63638 6.57524 0 
-4.64665 6.5837 0 
-4.65691 6.59216 0 
-4.66717 6.60062 0 
-4.67743 6.60907 0 
-4.68769 6.61751 0 
-4.69794 6.62595 0 
-4.70819 6.63439 0 
-4.71844 6.64282 0 
-4.72868 6.65125 0 
-4.73892 6.65968 0 
-4.74916 6.6681 0 
-4.75939 6.67651 0 
-4.76962 6.68493 0 
-4.77985 6.69333 0 
-4.79008 6.70174 0 
-4.8003 6.71013 0 
-4.81052 6.71853 0 
-4.82073 6.72692 0 
-4.83094 6.7353 0 
-4.84115 6.74369 0 
-4.85136 6.75206 0 
-4.86156 6.76044 0 
-4.87177 6.76881 0 
-4.88196 6.77717 0 
-4.89216 6.78553 0 
-4.90235 6.79389 0 
-4.91254 6.80224 0 
-4.92273 6.81059 0 
-4.93291 6.81893 0 
-4.94309 6.82728 0 
-4.95327 6.83561 0 
-4.96344 6.84394 0 
-4.97361 6.85227 0 
-4.98378 6.8606 0 
-4.99394 6.86892 0 
-5.00411 6.87723 0 
-5.01427 6.88555 0 
-5.02442 6.89385 0 
-5.03458 6.90216 0 
-5.04473 6.91046 0 
-5.05488 6.91876 0 
-5.06502 6.92705 0 
-5.07516 6.93534 0 
-5.0853 6.94362 0 
-5.09544 6.9519 0 
-5.10558 6.96018 0 
-5.11571 6.96845 0 
-5.12583 6.97672 0 
-5.13596 6.98499 0 
-5.14608 6.99325 0 
-5.1562 7.00151 0 
-5.16632 7.00976 0 
-5.17643 7.01801 0 
-5.18655 7.02626 0 
-5.19665 7.0345 0 
-5.20676 7.04274 0 
-5.21686 7.05098 0 
-5.22696 7.05921 0 
-5.23706 7.06744 0 
-5.24716 7.07566 0 
-5.25725 7.08389 0 
-5.26734 7.0921 0 
-5.27743 7.10032 0 
-5.28751 7.10853 0 
-5.29759 7.11673 0 
-5.30767 7.12493 0 
-5.31775 7.13313 0 
-5.32782 7.14133 0 
-5.33789 7.14952 0 
-5.34796 7.15771 0 
-5.35803 7.16589 0 
-5.36809 7.17407 0 
-5.37815 7.18225 0 
-5.38821 7.19043 0 
-5.39826 7.1986 0 
-5.40831 7.20676 0 
-5.41836 7.21493 0 
-5.42841 7.22309 0 
-5.43845 7.23124 0 
-5.4485 7.2394 0 
-5.45853 7.24755 0 
-5.46857 7.25569 0 
-5.47861 7.26384 0 
-5.48864 7.27198 0 
-5.49867 7.28011 0 
-5.50869 7.28824 0 
-5.51872 7.29637 0 
-5.52874 7.3045 0 
-5.53876 7.31262 0 
-5.54877 7.32074 0 
-5.55878 7.32886 0 
-5.5688 7.33697 0 
-5.5788 7.34508 0 
-5.58881 7.35318 0 
-5.59881 7.36128 0 
-5.60881 7.36938 0 
-5.61881 7.37748 0 
-5.62881 7.38557 0 
-5.6388 7.39366 0 
-5.64879 7.40175 0 
-5.65878 7.40983 0 
-5.66877 7.41791 0 
-5.67875 7.42598 0 
-5.68873 7.43406 0 
-5.69871 7.44213 0 
-5.70869 7.45019 0 
-5.71866 7.45826 0 
-5.72863 7.46632 0 
-5.7386 7.47437 0 
-5.74856 7.48243 0 
-5.75853 7.49048 0 
-5.76849 7.49852 0 
-5.77845 7.50657 0 
-5.78841 7.51461 0 
-5.79836 7.52265 0 
-5.80831 7.53068 0 
-5.81826 7.53871 0 
-5.82821 7.54674 0 
-5.83815 7.55477 0 
-5.84809 7.56279 0 
-5.85803 7.57081 0 
-5.86797 7.57883 0 
-5.87791 7.58684 0 
-5.88784 7.59485 0 
-5.89777 7.60286 0 
-5.9077 7.61086 0 
-5.91762 7.61886 0 
-5.92755 7.62686 0 
-5.93747 7.63486 0 
-5.94739 7.64285 0 
-5.9573 7.65084 0 
-5.96722 7.65882 0 
-5.97713 7.66681 0 
-5.98704 7.67479 0 
-5.99694 7.68276 0 
-6.00685 7.69074 0 
-6.01675 7.69871 0 
-6.02665 7.70668 0 
-6.03655 7.71464 0 
-6.04644 7.72261 0 
-6.05634 7.73057 0 
-6.06623 7.73852 0 
-6.07612 7.74648 0 
-6.086 7.75443 0 
-6.09589 7.76238 0 
-6.10577 7.77032 0 
-6.11565 7.77826 0 
-6.12553 7.7862 0 
-6.1354 7.79414 0 
-6.14528 7.80207 0 
-6.15515 7.81 0 
-6.16502 7.81793 0 
-6.17488 7.82586 0 
-6.18475 7.83378 0 
-6.19461 7.8417 0 
-6.20447 7.84962 0 
-6.21432 7.85753 0 
-6.22418 7.86544 0 
-6.23403 7.87335 0 
-6.24388 7.88126 0 
-6.25373 7.88916 0 
-6.26358 7.89706 0 
-6.27342 7.90496 0 
-6.28327 7.91285 0 
-6.29311 7.92074 0 
-6.30294 7.92863 0 
-6.31278 7.93652 0 
-6.32261 7.9444 0 
-6.33244 7.95229 0 
-6.34227 7.96016 0 
-6.3521 7.96804 0 
-6.36193 7.97591 0 
-6.37175 7.98378 0 
-6.38157 7.99165 0 
-6.39139 7.99952 0 
-6.40121 8.00738 0 
-6.41102 8.01524 0 
-6.42083 8.0231 0 
-6.43064 8.03095 0 
-6.44045 8.03881 0 
-6.45026 8.04665 0 
-6.46006 8.0545 0 
-6.46986 8.06235 0 
-6.47966 8.07019 0 
-6.48946 8.07803 0 
-6.49926 8.08586 0 
-6.50905 8.0937 0 
-6.51884 8.10153 0 
-6.52863 8.10936 0 
-6.53842 8.11718 0 
-6.5482 8.12501 0 
-6.55799 8.13283 0 
-6.56777 8.14065 0 
-6.57755 8.14846 0 
-6.58732 8.15628 0 
-6.5971 8.16409 0 
-6.60687 8.1719 0 
-6.61664 8.1797 0 
-6.62641 8.18751 0 
-6.63618 8.19531 0 
-6.64594 8.20311 0 
-6.65571 8.2109 0 
-6.66547 8.2187 0 
-6.67523 8.22649 0 
-6.68498 8.23428 0 
-6.69474 8.24206 0 
-6.70449 8.24985 0 
-6.71424 8.25763 0 
-6.72399 8.26541 0 
-6.73374 8.27318 0 
-6.74348 8.28096 0 
-6.75323 8.28873 0 
-6.76297 8.2965 0 
-6.77271 8.30427 0 
-6.78245 8.31203 0 
-6.79218 8.31979 0 
-6.80191 8.32755 0 
-6.81165 8.33531 0 
-6.82138 8.34306 0 
-6.8311 8.35082 0 
-6.84083 8.35857 0 
-6.85055 8.36632 0 
-6.86027 8.37406 0 
-6.86999 8.3818 0 
-6.87971 8.38954 0 
-6.88943 8.39728 0 
-6.89914 8.40502 0 
-6.90885 8.41275 0 
-6.91856 8.42049 0 
-6.92827 8.42821 0 
-6.93798 8.43594 0 
-6.94768 8.44367 0 
-6.95739 8.45139 0 
-6.96709 8.45911 0 
-6.97679 8.46683 0 
-6.98648 8.47454 0 
-6.99618 8.48225 0 
-7.00587 8.48997 0 
-7.01556 8.49767 0 
-7.02525 8.50538 0 
-7.03494 8.51309 0 
-7.04463 8.52079 0 
-7.05431 8.52849 0 
-7.06399 8.53618 0 
-7.07367 8.54388 0 
-7.08335 8.55157 0 
-7.09303 8.55926 0 
-7.1027 8.56695 0 
-7.11238 8.57464 0 
-7.12205 8.58232 0 
-7.13172 8.59 0 
-7.14139 8.59768 0 
-7.15105 8.60536 0 
-7.16071 8.61304 0 
-7.17038 8.62071 0 
-7.18004 8.62838 0 
-7.1897 8.63605 0 
-7.19935 8.64372 0 
-7.20901 8.65138 0 
-7.21866 8.65904 0 
-7.22831 8.6667 0 
-7.23796 8.67436 0 
-7.24761 8.68202 0 
-7.25725 8.68967 0 
-7.2669 8.69732 0 
-7.27654 8.70497 0 
-7.28618 8.71262 0 
-7.29582 8.72027 0 
-7.30546 8.72791 0 
-7.31509 8.73555 0 
-7.32473 8.74319 0 
-7.33436 8.75083 0 
-7.34399 8.75846 0 
-7.35362 8.76609 0 
-7.36324 8.77373 0 
-7.37287 8.78135 0 
-7.38249 8.78898 0 
-7.39211 8.79661 0 
-7.40173 8.80423 0 
-7.41135 8.81185 0 
-7.42097 8.81947 0 
-7.43058 8.82708 0 
-7.44019 8.8347 0 
-7.44981 8.84231 0 
-7.45942 8.84992 0 
-7.46902 8.85753 0 
-7.47863 8.86513 0 
-7.48823 8.87274 0 
-7.49784 8.88034 0 
-7.50744 8.88794 0 
-7.51704 8.89554 0 
-7.52663 8.90313 0 
-7.53623 8.91073 0 
-7.54582 8.91832 0 
-7.55541 8.92591 0 
-7.56501 8.9335 0 
-7.57459 8.94108 0 
-7.58418 8.94867 0 
-7.59377 8.95625 0 
-7.60335 8.96383 0 
-7.61293 8.97141 0 
-7.62251 8.97899 0 
-7.63209 8.98656 0 
-7.64167 8.99413 0 
-7.65125 9.0017 0 
-7.66082 9.00927 0 
-7.67039 9.01684 0 
-7.67996 9.0244 0 
-7.68953 9.03197 0 
-7.6991 9.03953 0 
-7.70867 9.04709 0 
-7.71823 9.05464 0 
-7.72779 9.0622 0 
-7.73735 9.06975 0 
-7.74691 9.0773 0 
-7.75647 9.08485 0 
-7.76603 9.0924 0 
-7.77558 9.09994 0 
-7.78514 9.10749 0 
-7.79469 9.11503 0 
-7.80424 9.12257 0 
-7.81378 9.13011 0 
-7.82333 9.13764 0 
-7.83288 9.14518 0 
-7.84242 9.15271 0 
-7.85196 9.16024 0 
-7.8615 9.16777 0 
-7.87104 9.1753 0 
-7.88058 9.18282 0 
-7.89011 9.19035 0 
-7.89965 9.19787 0 
-7.90918 9.20539 0 
-7.91871 9.2129 0 
-7.92824 9.22042 0 
-7.93777 9.22793 0 
-7.94729 9.23545 0 
-7.95682 9.24296 0 
-7.96634 9.25047 0 
-7.97586 9.25797 0 
-7.98538 9.26548 0 
-7.9949 9.27298 0 
-8.00441 9.28048 0 
-8.01393 9.28798 0 
-8.02344 9.29548 0 
-8.03296 9.30298 0 
-8.04247 9.31047 0 
-8.05197 9.31796 0 
-8.06148 9.32545 0 
-8.07099 9.33294 0 
-8.08049 9.34043 0 
-8.08999 9.34792 0 
-8.0995 9.3554 0 
-8.109 9.36288 0 
-8.11849 9.37036 0 
-8.12799 9.37784 0 
-8.13749 9.38532 0 
-8.14698 9.39279 0 
-8.15647 9.40026 0 
-8.16596 9.40774 0 
-8.17545 9.41521 0 
-8.18494 9.42267 0 
-8.19443 9.43014 0 
-8.20391 9.4376 0 
-8.21339 9.44507 0 
-8.22288 9.45253 0 
-8.23236 9.45999 0 
-8.24183 9.46745 0 
-8.25131 9.4749 0 
-8.26079 9.48236 0 
-8.27026 9.48981 0 
-8.27974 9.49726 0 
-8.28921 9.50471 0 
-8.29868 9.51216 0 
-8.30815 9.5196 0 
-8.31761 9.52705 0 
-8.32708 9.53449 0 
-8.33654 9.54193 0 
-8.346 9.54937 0 
-8.35547 9.55681 0 
-8.36493 9.56424 0 
-8.37438 9.57168 0 
-8.38384 9.57911 0 
-8.3933 9.58654 0 
-8.40275 9.59397 0 
-8.4122 9.6014 0 
-8.42165 9.60882 0 
-8.4311 9.61625 0 
-8.44055 9.62367 0 
-8.45 9.63109 0 
-8.45944 9.63851 0 
-8.46889 9.64593 0 
-8.47833 9.65335 0 
-8.48777 9.66076 0 
-8.49721 9.66817 0 
-8.50665 9.67558 0 
-8.51609 9.68299 0 
-8.52552 9.6904 0 
-8.53496 9.69781 0 
-8.54439 9.70521 0 
-8.55382 9.71262 0 
-8.56325 9.72002 0 
-8.57268 9.72742 0 
-8.5821 9.73482 0 
-8.59153 9.74222 0 
-8.60095 9.74961 0 
-8.61038 9.757 0 
-8.6198 9.7644 0 
-8.62922 9.77179 0 
-8.63864 9.77918 0 
-8.64805 9.78656 0 
-8.65747 9.79395 0 
-8.66688 9.80134 0 
-8.6763 9.80872 0 
-8.68571 9.8161 0 
-8.69512 9.82348 0 
-8.70453 9.83086 0 
-8.71394 9.83823 0 
-8.72334 9.84561 0 
-8.73275 9.85298 0 
-8.74215 9.86036 0 
-8.75155 9.86773 0 
-8.76095 9.8751 0 
-8.77035 9.88246 0 
-8.77975 9.88983 0 
-8.78915 9.89719 0 
-8.79854 9.90456 0 
-8.80794 9.91192 0 
-8.81733 9.91928 0 
-8.82672 9.92664 0 
-8.83611 9.93399 0 
-8.8455 9.94135 0 
-8.85489 9.9487 0 
-8.86428 9.95606 0 
-8.87366 9.96341 0 
-8.88304 9.97076 0 
-8.89243 9.9781 0 
-8.90181 9.98545 0 
-8.91119 9.9928 0 
-8.92056 10.0001 0 
-8.92994 10.0075 0 
-8.93932 10.0148 0 
-8.94869 10.0222 0 
-8.95806 10.0295 0 
-8.96744 10.0368 0 
-8.97681 10.0442 0 
-8.98617 10.0515 0 
-8.99554 10.0588 0 
-9.00491 10.0662 0 
-9.01427 10.0735 0 
-9.02364 10.0808 0 
-9.033 10.0881 0 
-9.04236 10.0955 0 
-9.05172 10.1028 0 
-9.06108 10.1101 0 
-9.07044 10.1174 0 
-9.07979 10.1248 0 
-9.08915 10.1321 0 
-9.0985 10.1394 0 
-9.10785 10.1467 0 
-9.1172 10.154 0 
-9.12655 10.1613 0 
-9.1359 10.1686 0 
-9.14525 10.1759 0 
-9.1546 10.1833 0 
-9.16394 10.1906 0 
-9.17328 10.1979 0 
-9.18263 10.2052 0 
-9.19197 10.2125 0 
-9.20131 10.2198 0 
-9.21064 10.2271 0 
-9.21998 10.2344 0 
-9.22932 10.2417 0 
-9.23865 10.249 0 
-9.24799 10.2563 0 
-9.25732 10.2635 0 
-9.26665 10.2708 0 
-9.27598 10.2781 0 
-9.28531 10.2854 0 
-9.29463 10.2927 0 
-9.30396 10.3 0 
-9.31328 10.3073 0 
-9.32261 10.3146 0 
-9.33193 10.3218 0 
-9.34125 10.3291 0 
