1 0 0 
0.999822 0.0266557 0 
0.99929 0.053302 0 
0.998403 0.0799294 0 
0.997163 0.106529 0 
0.995572 0.13309 0 
0.993632 0.159605 0 
0.991345 0.186064 0 
0.988715 0.212459 0 
0.985746 0.238781 0 
0.982441 0.265022 0 
0.978805 0.291173 0 
0.974842 0.317227 0 
0.970557 0.343177 0 
0.965957 0.369015 0 
0.961046 0.394734 0 
0.955831 0.420329 0 
0.950317 0.445792 0 
0.944512 0.471118 0 
0.938421 0.496302 0 
0.932052 0.521338 0 
0.92541 0.546223 0 
0.918504 0.570951 0 
0.911339 0.595519 0 
0.903924 0.619922 0 
0.896265 0.644159 0 
0.888369 0.668225 0 
0.880243 0.692119 0 
0.871894 0.715837 0 
0.86333 0.739378 0 
0.854557 0.762741 0 
0.845581 0.785923 0 
0.836411 0.808924 0 
0.827051 0.831742 0 
0.81751 0.854377 0 
0.807793 0.876828 0 
0.797907 0.899096 0 
0.787857 0.92118 0 
0.77765 0.94308 0 
0.767292 0.964796 0 
0.756788 0.98633 0 
0.746145 1.00768 0 
0.735367 1.02885 0 
0.724459 1.04984 0 
0.713428 1.07065 0 
0.702277 1.09128 0 
0.691013 1.11173 0 
0.679639 1.13201 0 
0.66816 1.15211 0 
0.65658 1.17204 0 
0.644904 1.1918 0 
0.633137 1.21139 0 
0.621281 1.2308 0 
0.609341 1.25006 0 
0.59732 1.26914 0 
0.585222 1.28807 0 
0.573051 1.30683 0 
0.56081 1.32543 0 
0.548502 1.34387 0 
0.53613 1.36216 0 
0.523698 1.38029 0 
0.511208 1.39827 0 
0.498662 1.4161 0 
0.486065 1.43379 0 
0.473417 1.45132 0 
0.460722 1.46871 0 
0.447983 1.48596 0 
0.435201 1.50306 0 
0.422378 1.52003 0 
0.409517 1.53686 0 
0.39662 1.55355 0 
0.383689 1.57011 0 
0.370725 1.58654 0 
0.357731 1.60283 0 
0.344709 1.619 0 
0.331659 1.63504 0 
0.318584 1.65096 0 
0.305485 1.66675 0 
0.292364 1.68242 0 
0.279222 1.69797 0 
0.266061 1.71341 0 
0.252881 1.72872 0 
0.239684 1.74392 0 
0.226472 1.75901 0 
0.213246 1.77398 0 
0.200006 1.78885 0 
0.186754 1.8036 0 
0.173491 1.81825 0 
0.160217 1.83279 0 
0.146935 1.84723 0 
0.133644 1.86157 0 
0.120346 1.8758 0 
0.107042 1.88993 0 
0.0937321 1.90396 0 
0.0804173 1.9179 0 
0.0670985 1.93174 0 
0.0537763 1.94548 0 
0.0404516 1.95913 0 
0.0271249 1.97269 0 
0.013797 1.98616 0 
0.000468489 1.99953 0 
-0.0128601 2.01282 0 
-0.0261881 2.02602 0 
-0.0395149 2.03913 0 
-0.0528402 2.05216 0 
-0.0661632 2.0651 0 
-0.0794836 2.07797 0 
-0.0928009 2.09074 0 
-0.106115 2.10344 0 
-0.119424 2.11606 0 
-0.132729 2.1286 0 
-0.14603 2.14106 0 
-0.159325 2.15344 0 
-0.172614 2.16575 0 
-0.185898 2.17798 0 
-0.199175 2.19014 0 
-0.212445 2.20222 0 
-0.225709 2.21424 0 
-0.238965 2.22618 0 
-0.252214 2.23805 0 
-0.265455 2.24985 0 
-0.278687 2.26158 0 
-0.291912 2.27325 0 
-0.305127 2.28484 0 
-0.318334 2.29638 0 
-0.331532 2.30784 0 
-0.344721 2.31924 0 
-0.3579 2.33058 0 
-0.371069 2.34185 0 
-0.384228 2.35307 0 
-0.397378 2.36422 0 
-0.410517 2.37531 0 
-0.423646 2.38633 0 
-0.436764 2.3973 0 
-0.449871 2.40821 0 
-0.462968 2.41907 0 
-0.476053 2.42986 0 
-0.489128 2.4406 0 
-0.502191 2.45128 0 
-0.515242 2.46191 0 
-0.528283 2.47248 0 
-0.541311 2.48299 0 
-0.554328 2.49346 0 
-0.567333 2.50387 0 
-0.580326 2.51422 0 
-0.593307 2.52453 0 
-0.606277 2.53478 0 
-0.619233 2.54498 0 
-0.632178 2.55514 0 
-0.64511 2.56524 0 
-0.65803 2.57529 0 
-0.670938 2.5853 0 
-0.683833 2.59525 0 
-0.696715 2.60516 0 
-0.709585 2.61502 0 
-0.722442 2.62484 0 
-0.735287 2.63461 0 
-0.748118 2.64433 0 
-0.760937 2.65401 0 
-0.773743 2.66364 0 
-0.786536 2.67323 0 
-0.799317 2.68277 0 
-0.812084 2.69228 0 
-0.824838 2.70173 0 
-0.837579 2.71115 0 
-0.850308 2.72052 0 
-0.863023 2.72985 0 
-0.875725 2.73914 0 
-0.888414 2.74839 0 
-0.90109 2.7576 0 
-0.913753 2.76677 0 
-0.926403 2.7759 0 
-0.939039 2.78499 0 
-0.951663 2.79404 0 
-0.964273 2.80305 0 
-0.97687 2.81203 0 
-0.989454 2.82096 0 
-1.00202 2.82986 0 
-1.01458 2.83872 0 
-1.02713 2.84755 0 
-1.03966 2.85633 0 
-1.05218 2.86509 0 
-1.06468 2.8738 0 
-1.07717 2.88248 0 
-1.08965 2.89113 0 
-1.10212 2.89974 0 
-1.11457 2.90831 0 
-1.12701 2.91686 0 
-1.13944 2.92536 0 
-1.15185 2.93384 0 
-1.16425 2.94228 0 
-1.17664 2.95069 0 
-1.18901 2.95906 0 
-1.20137 2.96741 0 
-1.21372 2.97572 0 
-1.22605 2.984 0 
-1.23838 2.99224 0 
-1.25069 3.00046 0 
-1.26298 3.00865 0 
-1.27527 3.0168 0 
-1.28754 3.02492 0 
-1.29979 3.03302 0 
-1.31204 3.04108 0 
-1.32427 3.04911 0 
-1.33649 3.05712 0 
-1.3487 3.06509 0 
-1.36089 3.07304 0 
-1.37307 3.08096 0 
-1.38524 3.08885 0 
-1.39739 3.09671 0 
-1.40954 3.10454 0 
-1.42167 3.11234 0 
-1.43378 3.12012 0 
-1.44589 3.12787 0 
-1.45798 3.13559 0 
-1.47006 3.14329 0 
-1.48213 3.15096 0 
-1.49418 3.1586 0 
-1.50622 3.16621 0 
-1.51825 3.1738 0 
-1.53027 3.18137 0 
-1.54228 3.18891 0 
-1.55427 3.19642 0 
-1.56625 3.20391 0 
-1.57822 3.21137 0 
-1.59017 3.21881 0 
-1.60212 3.22622 0 
-1.61405 3.23361 0 
-1.62597 3.24097 0 
-1.63788 3.24831 0 
-1.64977 3.25563 0 
-1.66165 3.26292 0 
-1.67353 3.27019 0 
-1.68539 3.27743 0 
-1.69723 3.28465 0 
-1.70907 3.29185 0 
-1.72089 3.29903 0 
-1.7327 3.30618 0 
-1.7445 3.31331 0 
-1.75629 3.32042 0 
-1.76807 3.3275 0 
-1.77983 3.33457 0 
-1.79158 3.34161 0 
-1.80332 3.34863 0 
-1.81505 3.35563 0 
-1.82677 3.3626 0 
-1.83848 3.36956 0 
-1.85017 3.37649 0 
-1.86186 3.38341 0 
-1.87353 3.3903 0 
-1.88519 3.39717 0 
-1.89684 3.40402 0 
-1.90847 3.41085 0 
-1.9201 3.41766 0 
-1.93171 3.42445 0 
-1.94332 3.43122 0 
-1.95491 3.43797 0 
-1.96649 3.4447 0 
-1.97806 3.45142 0 
-1.98962 3.45811 0 
-2.00117 3.46478 0 
-2.0127 3.47143 0 
-2.02423 3.47807 0 
-2.03574 3.48468 0 
-2.04724 3.49128 0 
-2.05874 3.49785 0 
-2.07022 3.50441 0 
-2.08169 3.51095 0 
-2.09315 3.51747 0 
-2.1046 3.52398 0 
-2.11603 3.53046 0 
-2.12746 3.53693 0 
-2.13888 3.54338 0 
-2.15028 3.54981 0 
-2.16168 3.55623 0 
-2.17306 3.56262 0 
-2.18444 3.569 0 
-2.1958 3.57536 0 
-2.20715 3.58171 0 
-2.21849 3.58804 0 
-2.22982 3.59435 0 
-2.24115 3.60064 0 
-2.25246 3.60692 0 
-2.26376 3.61318 0 
-2.27505 3.61942 0 
-2.28633 3.62565 0 
-2.29759 3.63186 0 
-2.30885 3.63806 0 
-2.3201 3.64423 0 
-2.33134 3.6504 0 
-2.34257 3.65654 0 
-2.35379 3.66267 0 
-2.36499 3.66879 0 
-2.37619 3.67489 0 
-2.38738 3.68097 0 
-2.39856 3.68704 0 
-2.40972 3.69309 0 
-2.42088 3.69913 0 
-2.43203 3.70515 0 
-2.44317 3.71116 0 
-2.4543 3.71715 0 
-2.46541 3.72313 0 
-2.47652 3.72909 0 
-2.48762 3.73504 0 
-2.49871 3.74097 0 
-2.50979 3.74689 0 
-2.52086 3.75279 0 
-2.53192 3.75868 0 
-2.54296 3.76456 0 
-2.554 3.77042 0 
-2.56504 3.77626 0 
-2.57606 3.7821 0 
-2.58707 3.78792 0 
-2.59807 3.79372 0 
-2.60906 3.79951 0 
-2.62004 3.80529 0 
-2.63102 3.81105 0 
-2.64198 3.8168 0 
-2.65294 3.82254 0 
-2.66388 3.82826 0 
-2.67482 3.83397 0 
-2.68574 3.83966 0 
-2.69666 3.84535 0 
-2.70757 3.85101 0 
-2.71847 3.85667 0 
-2.72936 3.86231 0 
-2.74024 3.86794 0 
-2.75111 3.87356 0 
-2.76197 3.87917 0 
-2.77282 3.88476 0 
-2.78367 3.89034 0 
-2.7945 3.8959 0 
-2.80533 3.90146 0 
-2.81615 3.907 0 
-2.82696 3.91253 0 
-2.83775 3.91804 0 
-2.84854 3.92355 0 
-2.85933 3.92904 0 
-2.8701 3.93452 0 
-2.88086 3.93999 0 
-2.89162 3.94544 0 
-2.90236 3.95089 0 
-2.9131 3.95632 0 
-2.92383 3.96174 0 
-2.93455 3.96715 0 
-2.94526 3.97254 0 
-2.95596 3.97793 0 
-2.96666 3.9833 0 
-2.97734 3.98866 0 
-2.98802 3.99401 0 
-2.99869 3.99935 0 
-3.00935 4.00468 0 
-3.02 4.00999 0 
-3.03064 4.0153 0 
-3.04128 4.02059 0 
-3.0519 4.02587 0 
-3.06252 4.03114 0 
-3.07313 4.0364 0 
-3.08373 4.04165 0 
-3.09432 4.04689 0 
-3.1049 4.05212 0 
-3.11548 4.05734 0 
-3.12605 4.06254 0 
-3.13661 4.06774 0 
-3.14716 4.07292 0 
-3.1577 4.07809 0 
-3.16824 4.08326 0 
-3.17876 4.08841 0 
-3.18928 4.09355 0 
-3.19979 4.09868 0 
-3.21029 4.10381 0 
-3.22079 4.10892 0 
-3.23127 4.11402 0 
-3.24175 4.11911 0 
-3.25222 4.12419 0 
-3.26268 4.12926 0 
-3.27314 4.13432 0 
-3.28358 4.13937 0 
-3.29402 4.14441 0 
-3.30445 4.14944 0 
-3.31487 4.15446 0 
-3.32529 4.15947 0 
-3.3357 4.16447 0 
-3.34609 4.16946 0 
-3.35649 4.17445 0 
-3.36687 4.17942 0 
-3.37724 4.18438 0 
-3.38761 4.18933 0 
-3.39797 4.19428 0 
-3.40833 4.19921 0 
-3.41867 4.20413 0 
-3.42901 4.20905 0 
-3.43934 4.21395 0 
-3.44966 4.21885 0 
-3.45997 4.22374 0 
-3.47028 4.22861 0 
-3.48058 4.23348 0 
-3.49087 4.23834 0 
-3.50116 4.24319 0 
-3.51143 4.24803 0 
-3.5217 4.25287 0 
-3.53197 4.25769 0 
-3.54222 4.2625 0 
-3.55247 4.26731 0 
-3.56271 4.27211 0 
-3.57294 4.27689 0 
-3.58317 4.28167 0 
-3.59338 4.28644 0 
-3.60359 4.2912 0 
-3.6138 4.29596 0 
-3.62399 4.3007 0 
-3.63418 4.30544 0 
-3.64436 4.31016 0 
-3.65454 4.31488 0 
-3.66471 4.31959 0 
-3.67487 4.32429 0 
-3.68502 4.32899 0 
-3.69516 4.33367 0 
-3.7053 4.33835 0 
-3.71544 4.34302 0 
-3.72556 4.34768 0 
-3.73568 4.35233 0 
-3.74579 4.35697 0 
-3.75589 4.36161 0 
-3.76599 4.36624 0 
-3.77608 4.37085 0 
-3.78616 4.37547 0 
-3.79624 4.38007 0 
-3.8063 4.38466 0 
-3.81637 4.38925 0 
-3.82642 4.39383 0 
-3.83647 4.3984 0 
-3.84651 4.40297 0 
-3.85654 4.40752 0 
-3.86657 4.41207 0 
-3.87659 4.41661 0 
-3.88661 4.42114 0 
-3.89661 4.42567 0 
-3.90661 4.43018 0 
-3.91661 4.43469 0 
-3.92659 4.43919 0 
-3.93657 4.44369 0 
-3.94655 4.44817 0 
-3.95651 4.45265 0 
-3.96647 4.45713 0 
-3.97643 4.46159 0 
-3.98638 4.46605 0 
-3.99632 4.4705 0 
-4.00625 4.47494 0 
-4.01618 4.47937 0 
-4.0261 4.4838 0 
-4.03601 4.48822 0 
-4.04592 4.49263 0 
-4.05582 4.49704 0 
-4.06571 4.50144 0 
-4.0756 4.50583 0 
-4.08548 4.51021 0 
-4.09536 4.51459 0 
-4.10523 4.51896 0 
-4.11509 4.52332 0 
-4.12495 4.52768 0 
-4.1348 4.53203 0 
-4.14464 4.53637 0 
-4.15448 4.5407 0 
-4.16431 4.54503 0 
-4.17413 4.54935 0 
-4.18395 4.55367 0 
-4.19376 4.55797 0 
-4.20357 4.56227 0 
-4.21336 4.56657 0 
-4.22316 4.57085 0 
-4.23294 4.57513 0 
-4.24272 4.57941 0 
-4.2525 4.58367 0 
-4.26227 4.58793 0 
-4.27203 4.59219 0 
-4.28178 4.59643 0 
-4.29153 4.60067 0 
-4.30128 4.60491 0 
-4.31102 4.60914 0 
-4.32075 4.61336 0 
-4.33047 4.61757 0 
-4.34019 4.62178 0 
-4.3499 4.62598 0 
-4.35961 4.63017 0 
-4.36931 4.63436 0 
-4.37901 4.63855 0 
-4.3887 4.64272 0 
-4.39838 4.64689 0 
-4.40806 4.65105 0 
-4.41773 4.65521 0 
-4.42739 4.65936 0 
-4.43705 4.66351 0 
-4.4467 4.66764 0 
-4.45635 4.67178 0 
-4.46599 4.6759 0 
-4.47563 4.68002 0 
-4.48526 4.68413 0 
-4.49488 4.68824 0 
-4.5045 4.69234 0 
-4.51411 4.69644 0 
-4.52372 4.70053 0 
-4.53332 4.70461 0 
-4.54292 4.70869 0 
-4.55251 4.71276 0 
-4.56209 4.71682 0 
-4.57167 4.72088 0 
-4.58124 4.72494 0 
-4.59081 4.72899 0 
-4.60037 4.73303 0 
-4.60992 4.73706 0 
-4.61947 4.74109 0 
-4.62901 4.74512 0 
-4.63855 4.74914 0 
-4.64808 4.75315 0 
-4.65761 4.75716 0 
-4.66713 4.76116 0 
-4.67665 4.76515 0 
-4.68616 4.76914 0 
-4.69566 4.77313 0 
-4.70516 4.7771 0 
-4.71465 4.78108 0 
-4.72414 4.78504 0 
-4.73362 4.78901 0 
-4.7431 4.79296 0 
-4.75257 4.79691 0 
-4.76204 4.80086 0 
-4.7715 4.8048 0 
-4.78095 4.80873 0 
-4.7904 4.81266 0 
-4.79984 4.81658 0 
-4.80928 4.8205 0 
-4.81872 4.82441 0 
-4.82814 4.82832 0 
-4.83757 4.83222 0 
-4.84698 4.83612 0 
-4.85639 4.84001 0 
-4.8658 4.84389 0 
-4.8752 4.84777 0 
-4.8846 4.85165 0 
-4.89399 4.85552 0 
-4.90337 4.85938 0 
-4.91275 4.86324 0 
-4.92213 4.86709 0 
-4.9315 4.87094 0 
-4.94086 4.87478 0 
-4.95022 4.87862 0 
-4.95957 4.88246 0 
-4.96892 4.88628 0 
-4.97826 4.89011 0 
-4.9876 4.89392 0 
-4.99693 4.89774 0 
-5.00626 4.90154 0 
-5.01558 4.90535 0 
-5.0249 4.90914 0 
-5.03421 4.91293 0 
-5.04352 4.91672 0 
-5.05282 4.9205 0 
-5.06211 4.92428 0 
-5.0714 4.92805 0 
-5.08069 4.93182 0 
-5.08997 4.93558 0 
-5.09925 4.93934 0 
-5.10852 4.94309 0 
-5.11779 4.94684 0 
-5.12705 4.95058 0 
-5.1363 4.95432 0 
-5.14555 4.95805 0 
-5.1548 4.96178 0 
-5.16404 4.96551 0 
-5.17327 4.96922 0 
-5.18251 4.97294 0 
-5.19173 4.97665 0 
-5.20095 4.98035 0 
-5.21017 4.98405 0 
-5.21938 4.98775 0 
-5.22859 4.99144 0 
-5.23779 4.99512 0 
-5.24698 4.9988 0 
-5.25617 5.00248 0 
-5.26536 5.00615 0 
-5.27454 5.00982 0 
-5.28372 5.01348 0 
-5.29289 5.01714 0 
-5.30206 5.02079 0 
-5.31122 5.02444 0 
-5.32038 5.02808 0 
-5.32953 5.03172 0 
-5.33868 5.03536 0 
-5.34782 5.03899 0 
-5.35696 5.04261 0 
-5.36609 5.04623 0 
-5.37522 5.04985 0 
-5.38434 5.05346 0 
-5.39346 5.05707 0 
-5.40258 5.06067 0 
-5.41169 5.06427 0 
-5.42079 5.06787 0 
-5.42989 5.07146 0 
-5.43899 5.07504 0 
-5.44808 5.07862 0 
-5.45716 5.0822 0 
-5.46625 5.08577 0 
-5.47532 5.08934 0 
-5.48439 5.09291 0 
-5.49346 5.09646 0 
-5.50252 5.10002 0 
-5.51158 5.10357 0 
-5.52064 5.10712 0 
-5.52968 5.11066 0 
-5.53873 5.1142 0 
-5.54777 5.11773 0 
-5.5568 5.12126 0 
-5.56583 5.12479 0 
-5.57486 5.12831 0 
-5.58388 5.13183 0 
-5.5929 5.13534 0 
-5.60191 5.13885 0 
-5.61092 5.14235 0 
-5.61992 5.14585 0 
-5.62892 5.14935 0 
-5.63792 5.15284 0 
-5.64691 5.15633 0 
-5.65589 5.15981 0 
-5.66487 5.16329 0 
-5.67385 5.16677 0 
-5.68282 5.17024 0 
-5.69179 5.17371 0 
-5.70075 5.17717 0 
-5.70971 5.18063 0 
-5.71866 5.18409 0 
-5.72761 5.18754 0 
-5.73656 5.19099 0 
-5.7455 5.19443 0 
-5.75444 5.19787 0 
-5.76337 5.20131 0 
-5.77229 5.20474 0 
-5.78122 5.20817 0 
-5.79014 5.21159 0 
-5.79905 5.21501 0 
-5.80796 5.21843 0 
-5.81687 5.22184 0 
-5.82577 5.22525 0 
-5.83467 5.22865 0 
-5.84356 5.23205 0 
-5.85245 5.23545 0 
-5.86133 5.23884 0 
-5.87021 5.24223 0 
-5.87909 5.24561 0 
-5.88796 5.249 0 
-5.89683 5.25237 0 
-5.90569 5.25575 0 
-5.91455 5.25912 0 
-5.9234 5.26248 0 
-5.93226 5.26585 0 
-5.9411 5.26921 0 
-5.94994 5.27256 0 
-5.95878 5.27591 0 
-5.96761 5.27926 0 
-5.97644 5.2826 0 
-5.98527 5.28594 0 
-5.99409 5.28928 0 
-6.00291 5.29261 0 
-6.01172 5.29594 0 
-6.02053 5.29927 0 
-6.02933 5.30259 0 
-6.03813 5.30591 0 
-6.04693 5.30922 0 
-6.05572 5.31253 0 
-6.06451 5.31584 0 
-6.07329 5.31914 0 
-6.08207 5.32244 0 
-6.09085 5.32574 0 
-6.09962 5.32903 0 
-6.10839 5.33232 0 
-6.11715 5.33561 0 
-6.12591 5.33889 0 
-6.13466 5.34217 0 
-6.14341 5.34545 0 
-6.15216 5.34872 0 
-6.1609 5.35199 0 
-6.16964 5.35525 0 
-6.17838 5.35851 0 
-6.18711 5.36177 0 
-6.19584 5.36502 0 
-6.20456 5.36827 0 
-6.21328 5.37152 0 
-6.22199 5.37477 0 
-6.2307 5.37801 0 
-6.23941 5.38124 0 
-6.24811 5.38448 0 
-6.25681 5.38771 0 
-6.26551 5.39093 0 
-6.2742 5.39416 0 
-6.28289 5.39738 0 
-6.29157 5.40059 0 
-6.30025 5.40381 0 
-6.30893 5.40702 0 
-6.3176 5.41022 0 
-6.32626 5.41343 0 
-6.33493 5.41663 0 
-6.34359 5.41982 0 
-6.35224 5.42302 0 
-6.3609 5.42621 0 
-6.36955 5.42939 0 
-6.37819 5.43258 0 
-6.38683 5.43576 0 
-6.39547 5.43893 0 
-6.4041 5.44211 0 
-6.41273 5.44528 0 
-6.42135 5.44845 0 
-6.42998 5.45161 0 
-6.43859 5.45477 0 
-6.44721 5.45793 0 
-6.45582 5.46108 0 
-6.46442 5.46423 0 
-6.47303 5.46738 0 
-6.48162 5.47052 0 
-6.49022 5.47367 0 
-6.49881 5.4768 0 
-6.5074 5.47994 0 
-6.51598 5.48307 0 
-6.52456 5.4862 0 
-6.53314 5.48933 0 
-6.54171 5.49245 0 
-6.55028 5.49557 0 
-6.55884 5.49868 0 
-6.5674 5.5018 0 
-6.57596 5.50491 0 
-6.58452 5.50801 0 
-6.59307 5.51112 0 
-6.60161 5.51422 0 
-6.61016 5.51731 0 
-6.61869 5.52041 0 
-6.62723 5.5235 0 
-6.63576 5.52659 0 
-6.64429 5.52967 0 
-6.65281 5.53276 0 
-6.66133 5.53584 0 
-6.66985 5.53891 0 
-6.67836 5.54199 0 
-6.68687 5.54506 0 
-6.69538 5.54812 0 
-6.70388 5.55119 0 
-6.71238 5.55425 0 
-6.72088 5.55731 0 
-6.72937 5.56036 0 
-6.73786 5.56341 0 
-6.74634 5.56646 0 
-6.75482 5.56951 0 
-6.7633 5.57255 0 
-6.77177 5.57559 0 
-6.78024 5.57863 0 
-6.78871 5.58167 0 
-6.79717 5.5847 0 
-6.80563 5.58773 0 
-6.81409 5.59075 0 
-6.82254 5.59378 0 
-6.83099 5.5968 0 
-6.83944 5.59981 0 
-6.84788 5.60283 0 
-6.85632 5.60584 0 
-6.86475 5.60885 0 
-6.87318 5.61185 0 
-6.88161 5.61486 0 
-6.89004 5.61786 0 
-6.89846 5.62085 0 
-6.90688 5.62385 0 
-6.91529 5.62684 0 
-6.9237 5.62983 0 
-6.93211 5.63281 0 
-6.94051 5.6358 0 
-6.94891 5.63878 0 
-6.95731 5.64175 0 
-6.9657 5.64473 0 
-6.97409 5.6477 0 
-6.98248 5.65067 0 
-6.99086 5.65364 0 
-6.99924 5.6566 0 
-7.00762 5.65956 0 
-7.01599 5.66252 0 
-7.02436 5.66547 0 
-7.03272 5.66843 0 
-7.04109 5.67138 0 
-7.04945 5.67432 0 
-7.0578 5.67727 0 
-7.06615 5.68021 0 
-7.0745 5.68315 0 
-7.08285 5.68608 0 
-7.09119 5.68902 0 
-7.09953 5.69195 0 
-7.10787 5.69488 0 
-7.1162 5.6978 0 
-7.12453 5.70073 0 
-7.13285 5.70365 0 
-7.14118 5.70656 0 
-7.14949 5.70948 0 
-7.15781 5.71239 0 
-7.16612 5.7153 0 
-7.17443 5.71821 0 
-7.18274 5.72111 0 
-7.19104 5.72401 0 
-7.19934 5.72691 0 
-7.20763 5.72981 0 
-7.21593 5.7327 0 
-7.22422 5.73559 0 
-7.2325 5.73848 0 
-7.24079 5.74137 0 
-7.24907 5.74425 0 
-7.25734 5.74713 0 
-7.26561 5.75001 0 
-7.27388 5.75289 0 
-7.28215 5.75576 0 
-7.29041 5.75863 0 
-7.29867 5.7615 0 
-7.30693 5.76436 0 
-7.31518 5.76723 0 
-7.32344 5.77009 0 
-7.33168 5.77295 0 
-7.33993 5.7758 0 
-7.34817 5.77865 0 
-7.3564 5.7815 0 
-7.36464 5.78435 0 
-7.37287 5.7872 0 
-7.3811 5.79004 0 
-7.38932 5.79288 0 
-7.39755 5.79572 0 
-7.40576 5.79855 0 
-7.41398 5.80139 0 
-7.42219 5.80422 0 
-7.4304 5.80705 0 
-7.43861 5.80987 0 
-7.44681 5.81269 0 
-7.45501 5.81551 0 
-7.46321 5.81833 0 
-7.4714 5.82115 0 
-7.47959 5.82396 0 
-7.48778 5.82677 0 
-7.49596 5.82958 0 
-7.50414 5.83239 0 
-7.51232 5.83519 0 
-7.52049 5.83799 0 
-7.52866 5.84079 0 
-7.53683 5.84359 0 
-7.545 5.84638 0 
-7.55316 5.84917 0 
-7.56132 5.85196 0 
-7.56948 5.85475 0 
-7.57763 5.85753 0 
-7.58578 5.86032 0 
-7.59393 5.8631 0 
-7.60207 5.86587 0 
-7.61021 5.86865 0 
-7.61835 5.87142 0 
-7.62648 5.87419 0 
-7.63462 5.87696 0 
-7.64274 5.87972 0 
-7.65087 5.88249 0 
-7.65899 5.88525 0 
-7.66711 5.88801 0 
-7.67523 5.89076 0 
-7.68334 5.89352 0 
-7.69145 5.89627 0 
-7.69956 5.89902 0 
-7.70767 5.90177 0 
-7.71577 5.90451 0 
-7.72387 5.90725 0 
-7.73196 5.90999 0 
-7.74005 5.91273 0 
-7.74814 5.91547 0 
-7.75623 5.9182 0 
-7.76431 5.92093 0 
-7.7724 5.92366 0 
-7.78047 5.92639 0 
-7.78855 5.92911 0 
-7.79662 5.93184 0 
-7.80469 5.93456 0 
-7.81276 5.93727 0 
-7.82082 5.93999 0 
-7.82888 5.9427 0 
-7.83694 5.94541 0 
-7.84499 5.94812 0 
-7.85304 5.95083 0 
-7.86109 5.95353 0 
-7.86914 5.95623 0 
-7.87718 5.95893 0 
-7.88522 5.96163 0 
-7.89325 5.96433 0 
-7.90129 5.96702 0 
-7.90932 5.96971 0 
-7.91735 5.9724 0 
-7.92537 5.97509 0 
-7.9334 5.97777 0 
-7.94142 5.98046 0 
-7.94943 5.98314 0 
-7.95745 5.98581 0 
-7.96546 5.98849 0 
-7.97346 5.99116 0 
-7.98147 5.99384 0 
-7.98947 5.99651 0 
-7.99747 5.99917 0 
-8.00547 6.00184 0 
-8.01346 6.0045 0 
-8.02145 6.00716 0 
-8.02944 6.00982 0 
-8.03743 6.01248 0 
-8.04541 6.01513 0 
-8.05339 6.01779 0 
-8.06137 6.02044 0 
-8.06934 6.02309 0 
-8.07731 6.02573 0 
-8.08528 6.02838 0 
-8.09325 6.03102 0 
-8.10121 6.03366 0 
-8.10917 6.0363 0 
-8.11713 6.03893 0 
-8.12508 6.04157 0 
-8.13303 6.0442 0 
-8.14098 6.04683 0 
-8.14893 6.04946 0 
-8.15687 6.05208 0 
-8.16481 6.0547 0 
-8.17275 6.05733 0 
-8.18068 6.05995 0 
-8.18862 6.06256 0 
-8.19655 6.06518 0 
-8.20447 6.06779 0 
-8.2124 6.0704 0 
-8.22032 6.07301 0 
-8.22824 6.07562 0 
-8.23615 6.07822 0 
-8.24407 6.08083 0 
-8.25198 6.08343 0 
-8.25988 6.08603 0 
-8.26779 6.08863 0 
-8.27569 6.09122 0 
-8.28359 6.09381 0 
-8.29149 6.09641 0 
-8.29938 6.09899 0 
-8.30727 6.10158 0 
-8.31516 6.10417 0 
-8.32305 6.10675 0 
-8.33093 6.10933 0 
-8.33881 6.11191 0 
-8.34669 6.11449 0 
-8.35457 6.11706 0 
-8.36244 6.11964 0 
-8.37031 6.12221 0 
-8.37818 6.12478 0 
-8.38604 6.12735 0 
-8.3939 6.12991 0 
-8.40176 6.13248 0 
-8.40962 6.13504 0 
-8.41747 6.1376 0 
-8.42532 6.14016 0 
-8.43317 6.14271 0 
-8.44102 6.14527 0 
-8.44886 6.14782 0 
-8.4567 6.15037 0 
-8.46454 6.15292 0 
-8.47238 6.15546 0 
-8.48021 6.15801 0 
-8.48804 6.16055 0 
-8.49587 6.16309 0 
-8.50369 6.16563 0 
-8.51152 6.16817 0 
-8.51934 6.1707 0 
-8.52715 6.17323 0 
-8.53497 6.17577 0 
-8.54278 6.1783 0 
-8.55059 6.18082 0 
-8.5584 6.18335 0 
-8.5662 6.18587 0 
-8.574 6.18839 0 
-8.5818 6.19091 0 
-8.5896 6.19343 0 
-8.59739 6.19595 0 
-8.60518 6.19846 0 
-8.61297 6.20098 0 
-8.62076 6.20349 0 
-8.62854 6.206 0 
-8.63633 6.2085 0 
-8.6441 6.21101 0 
-8.65188 6.21351 0 
-8.65965 6.21601 0 
-8.66742 6.21851 0 
-8.67519 6.22101 0 
-8.68296 6.22351 0 
-8.69072 6.226 0 
-8.69848 6.2285 0 
-8.70624 6.23099 0 
-8.714 6.23348 0 
-8.72175 6.23596 0 
-8.7295 6.23845 0 
-8.73725 6.24093 0 
-8.745 6.24341 0 
-8.75274 6.24589 0 
-8.76048 6.24837 0 
-8.76822 6.25085 0 
-8.77596 6.25332 0 
