1 0 0 
0.999822 0.0249342 0 
0.99929 0.0498595 0 
0.998403 0.0747671 0 
0.997162 0.0996482 0 
0.995569 0.124494 0 
0.993627 0.149296 0 
0.991336 0.174046 0 
0.9887 0.198736 0 
0.985721 0.223356 0 
0.982403 0.2479 0 
0.978749 0.272359 0 
0.974764 0.296725 0 
0.970452 0.320992 0 
0.965817 0.345153 0 
0.960863 0.369199 0 
0.955597 0.393126 0 
0.950023 0.416925 0 
0.944147 0.440592 0 
0.937974 0.464121 0 
0.93151 0.487506 0 
0.924762 0.510742 0 
0.917735 0.533824 0 
0.910435 0.556748 0 
0.902869 0.579508 0 
0.895044 0.602102 0 
0.886965 0.624526 0 
0.878639 0.646776 0 
0.870073 0.668849 0 
0.861273 0.690742 0 
0.852246 0.712453 0 
0.842997 0.733979 0 
0.833535 0.755318 0 
0.823864 0.776469 0 
0.813991 0.79743 0 
0.803923 0.818199 0 
0.793665 0.838776 0 
0.783225 0.859159 0 
0.772607 0.879348 0 
0.761818 0.899342 0 
0.750864 0.919141 0 
0.739751 0.938745 0 
0.728483 0.958153 0 
0.717067 0.977366 0 
0.705508 0.996384 0 
0.693811 1.01521 0 
0.681981 1.03384 0 
0.670024 1.05227 0 
0.657944 1.07052 0 
0.645747 1.08857 0 
0.633436 1.10643 0 
0.621017 1.1241 0 
0.608493 1.14158 0 
0.59587 1.15888 0 
0.583151 1.17599 0 
0.57034 1.19291 0 
0.557441 1.20966 0 
0.544459 1.22622 0 
0.531397 1.24259 0 
0.518258 1.2588 0 
0.505046 1.27482 0 
0.491765 1.29067 0 
0.478417 1.30634 0 
0.465006 1.32184 0 
0.451535 1.33717 0 
0.438007 1.35233 0 
0.424425 1.36732 0 
0.410791 1.38215 0 
0.397109 1.39682 0 
0.38338 1.41132 0 
0.369608 1.42566 0 
0.355795 1.43985 0 
0.341943 1.45387 0 
0.328055 1.46774 0 
0.314132 1.48146 0 
0.300178 1.49503 0 
0.286193 1.50845 0 
0.27218 1.52172 0 
0.258141 1.53484 0 
0.244078 1.54782 0 
0.229992 1.56065 0 
0.215885 1.57334 0 
0.201759 1.5859 0 
0.187615 1.59832 0 
0.173456 1.6106 0 
0.159282 1.62274 0 
0.145095 1.63475 0 
0.130896 1.64663 0 
0.116687 1.65839 0 
0.102469 1.67001 0 
0.088243 1.6815 0 
0.0740106 1.69288 0 
0.0597727 1.70412 0 
0.0455306 1.71525 0 
0.0312853 1.72625 0 
0.0170378 1.73714 0 
0.00278915 1.74791 0 
-0.0114597 1.75856 0 
-0.0257078 1.76909 0 
-0.0399542 1.77952 0 
-0.0541982 1.78983 0 
-0.0684387 1.80003 0 
-0.0826751 1.81012 0 
-0.0969066 1.8201 0 
-0.111132 1.82998 0 
-0.125352 1.83975 0 
-0.139564 1.84942 0 
-0.153769 1.85898 0 
-0.167965 1.86844 0 
-0.182152 1.8778 0 
-0.196329 1.88706 0 
-0.210496 1.89623 0 
-0.224653 1.90529 0 
-0.238798 1.91426 0 
-0.252931 1.92314 0 
-0.267052 1.93192 0 
-0.281161 1.94061 0 
-0.295256 1.94921 0 
-0.309337 1.95772 0 
-0.323404 1.96613 0 
-0.337457 1.97446 0 
-0.351495 1.98271 0 
-0.365517 1.99086 0 
-0.379524 1.99893 0 
-0.393515 2.00692 0 
-0.407489 2.01482 0 
-0.421447 2.02265 0 
-0.435388 2.03039 0 
-0.449311 2.03804 0 
-0.463217 2.04562 0 
-0.477105 2.05312 0 
-0.490975 2.06055 0 
-0.504827 2.06789 0 
-0.51866 2.07516 0 
-0.532474 2.08236 0 
-0.546269 2.08948 0 
-0.560045 2.09652 0 
-0.573802 2.10349 0 
-0.587538 2.1104 0 
-0.601255 2.11723 0 
-0.614952 2.12398 0 
-0.628629 2.13067 0 
-0.642285 2.13729 0 
-0.655921 2.14385 0 
-0.669536 2.15033 0 
-0.68313 2.15675 0 
-0.696704 2.1631 0 
-0.710256 2.16938 0 
-0.723787 2.1756 0 
-0.737296 2.18176 0 
-0.750785 2.18785 0 
-0.764251 2.19389 0 
-0.777696 2.19985 0 
-0.79112 2.20576 0 
-0.804521 2.21161 0 
-0.8179 2.21739 0 
-0.831258 2.22312 0 
-0.844593 2.22878 0 
-0.857906 2.23439 0 
-0.871197 2.23994 0 
-0.884466 2.24544 0 
-0.897712 2.25087 0 
-0.910936 2.25625 0 
-0.924138 2.26158 0 
-0.937317 2.26685 0 
-0.950473 2.27206 0 
-0.963607 2.27722 0 
-0.976718 2.28233 0 
-0.989806 2.28738 0 
-1.00287 2.29239 0 
-1.01592 2.29734 0 
-1.02894 2.30223 0 
-1.04193 2.30708 0 
-1.05491 2.31188 0 
-1.06786 2.31662 0 
-1.08079 2.32132 0 
-1.09369 2.32597 0 
-1.10658 2.33057 0 
-1.11944 2.33512 0 
-1.13227 2.33962 0 
-1.14509 2.34408 0 
-1.15788 2.34849 0 
-1.17065 2.35285 0 
-1.18339 2.35717 0 
-1.19612 2.36144 0 
-1.20882 2.36566 0 
-1.22149 2.36984 0 
-1.23415 2.37398 0 
-1.24678 2.37807 0 
-1.25939 2.38212 0 
-1.27197 2.38613 0 
-1.28454 2.39009 0 
-1.29708 2.39401 0 
-1.30959 2.39789 0 
-1.32209 2.40172 0 
-1.33456 2.40552 0 
-1.34701 2.40927 0 
-1.35943 2.41299 0 
-1.37183 2.41666 0 
-1.38421 2.42029 0 
-1.39657 2.42388 0 
-1.40891 2.42744 0 
-1.42122 2.43095 0 
-1.43351 2.43443 0 
-1.44578 2.43786 0 
-1.45802 2.44126 0 
-1.47024 2.44463 0 
-1.48244 2.44795 0 
-1.49462 2.45124 0 
-1.50677 2.45449 0 
-1.51891 2.4577 0 
-1.53102 2.46088 0 
-1.5431 2.46402 0 
-1.55517 2.46713 0 
-1.56721 2.4702 0 
-1.57923 2.47323 0 
-1.59123 2.47623 0 
-1.60321 2.4792 0 
-1.61516 2.48213 0 
-1.62709 2.48503 0 
-1.639 2.4879 0 
-1.65089 2.49073 0 
-1.66276 2.49353 0 
-1.6746 2.49629 0 
-1.68642 2.49902 0 
-1.69822 2.50172 0 
-1.71 2.50439 0 
-1.72176 2.50703 0 
-1.73349 2.50963 0 
-1.7452 2.5122 0 
-1.7569 2.51475 0 
-1.76857 2.51726 0 
-1.78021 2.51974 0 
-1.79184 2.52219 0 
-1.80345 2.5246 0 
-1.81503 2.52699 0 
-1.82659 2.52935 0 
-1.83813 2.53168 0 
-1.84965 2.53398 0 
-1.86115 2.53626 0 
-1.87263 2.5385 0 
-1.88408 2.54071 0 
-1.89552 2.5429 0 
-1.90693 2.54505 0 
-1.91833 2.54718 0 
-1.9297 2.54928 0 
-1.94105 2.55136 0 
-1.95238 2.5534 0 
-1.96369 2.55542 0 
-1.97497 2.55741 0 
-1.98624 2.55937 0 
-1.99749 2.56131 0 
-2.00871 2.56322 0 
-2.01992 2.56511 0 
-2.0311 2.56697 0 
-2.04227 2.5688 0 
-2.05341 2.5706 0 
-2.06453 2.57238 0 
-2.07563 2.57414 0 
-2.08672 2.57587 0 
-2.09778 2.57758 0 
-2.10882 2.57925 0 
-2.11984 2.58091 0 
-2.13084 2.58254 0 
-2.14182 2.58415 0 
-2.15278 2.58573 0 
-2.16372 2.58729 0 
-2.17464 2.58882 0 
-2.18554 2.59033 0 
-2.19642 2.59182 0 
-2.20728 2.59328 0 
-2.21813 2.59472 0 
-2.22895 2.59614 0 
-2.23975 2.59753 0 
-2.25053 2.5989 0 
-2.26129 2.60025 0 
-2.27203 2.60157 0 
-2.28276 2.60287 0 
-2.29346 2.60415 0 
-2.30414 2.60541 0 
-2.31481 2.60665 0 
-2.32545 2.60786 0 
-2.33608 2.60906 0 
-2.34668 2.61023 0 
-2.35727 2.61138 0 
-2.36784 2.61251 0 
-2.37838 2.61361 0 
-2.38891 2.6147 0 
-2.39942 2.61576 0 
-2.40991 2.61681 0 
-2.42038 2.61783 0 
-2.43084 2.61884 0 
-2.44127 2.61982 0 
-2.45169 2.62078 0 
-2.46208 2.62172 0 
-2.47246 2.62265 0 
-2.48282 2.62355 0 
-2.49316 2.62443 0 
-2.50348 2.62529 0 
-2.51378 2.62614 0 
-2.52407 2.62696 0 
-2.53433 2.62777 0 
-2.54458 2.62855 0 
-2.55481 2.62932 0 
-2.56502 2.63007 0 
-2.57521 2.63079 0 
-2.58538 2.6315 0 
-2.59554 2.6322 0 
-2.60567 2.63287 0 
-2.61579 2.63352 0 
-2.62589 2.63416 0 
-2.63598 2.63478 0 
-2.64604 2.63538 0 
-2.65609 2.63596 0 
-2.66611 2.63652 0 
-2.67612 2.63707 0 
-2.68612 2.6376 0 
-2.69609 2.63811 0 
-2.70605 2.6386 0 
-2.71599 2.63908 0 
-2.72591 2.63954 0 
-2.73581 2.63998 0 
-2.7457 2.6404 0 
-2.75556 2.64081 0 
-2.76541 2.6412 0 
-2.77525 2.64158 0 
-2.78506 2.64193 0 
-2.79486 2.64227 0 
-2.80464 2.6426 0 
-2.8144 2.64291 0 
-2.82415 2.6432 0 
-2.83388 2.64347 0 
-2.84359 2.64373 0 
-2.85328 2.64398 0 
-2.86296 2.6442 0 
-2.87261 2.64441 0 
-2.88226 2.64461 0 
-2.89188 2.64479 0 
-2.90149 2.64495 0 
-2.91108 2.6451 0 
-2.92065 2.64524 0 
-2.93021 2.64535 0 
-2.93975 2.64546 0 
-2.94927 2.64554 0 
-2.95878 2.64562 0 
-2.96827 2.64567 0 
-2.97774 2.64572 0 
-2.9872 2.64574 0 
-2.99664 2.64576 0 
-3.00606 2.64575 0 
-3.01546 2.64574 0 
-3.02485 2.64571 0 
-3.03423 2.64566 0 
-3.04358 2.6456 0 
-3.05292 2.64553 0 
-3.06224 2.64544 0 
-3.07155 2.64533 0 
-3.08084 2.64522 0 
-3.09012 2.64509 0 
-3.09937 2.64494 0 
-3.10862 2.64478 0 
-3.11784 2.64461 0 
-3.12705 2.64442 0 
-3.13624 2.64422 0 
-3.14542 2.64401 0 
-3.15458 2.64378 0 
-3.16372 2.64354 0 
-3.17285 2.64329 0 
-3.18196 2.64302 0 
-3.19106 2.64274 0 
-3.20014 2.64244 0 
-3.20921 2.64214 0 
-3.21825 2.64182 0 
-3.22729 2.64148 0 
-3.2363 2.64114 0 
-3.24531 2.64078 0 
-3.25429 2.64041 0 
-3.26326 2.64002 0 
-3.27222 2.63962 0 
-3.28115 2.63921 0 
-3.29008 2.63879 0 
-3.29898 2.63836 0 
-3.30788 2.63791 0 
-3.31675 2.63745 0 
-3.32561 2.63698 0 
-3.33446 2.63649 0 
-3.34329 2.636 0 
-3.3521 2.63549 0 
-3.3609 2.63497 0 
-3.36969 2.63443 0 
-3.37845 2.63389 0 
-3.38721 2.63333 0 
-3.39594 2.63276 0 
-3.40467 2.63218 0 
-3.41338 2.63159 0 
-3.42207 2.63099 0 
-3.43074 2.63037 0 
-3.43941 2.62975 0 
-3.44805 2.62911 0 
-3.45669 2.62846 0 
-3.4653 2.6278 0 
-3.47391 2.62712 0 
-3.48249 2.62644 0 
-3.49107 2.62574 0 
-3.49962 2.62504 0 
-3.50817 2.62432 0 
-3.51669 2.62359 0 
-3.52521 2.62285 0 
-3.5337 2.6221 0 
-3.54219 2.62134 0 
-3.55066 2.62057 0 
-3.55911 2.61978 0 
-3.56755 2.61899 0 
-3.57597 2.61819 0 
-3.58439 2.61737 0 
-3.59278 2.61654 0 
-3.60116 2.61571 0 
-3.60953 2.61486 0 
-3.61788 2.614 0 
-3.62622 2.61313 0 
-3.63454 2.61226 0 
-3.64285 2.61137 0 
-3.65114 2.61047 0 
-3.65942 2.60956 0 
-3.66769 2.60864 0 
-3.67594 2.60771 0 
-3.68418 2.60677 0 
-3.6924 2.60582 0 
-3.70061 2.60486 0 
-3.70881 2.60389 0 
-3.71699 2.60291 0 
-3.72515 2.60192 0 
-3.7333 2.60092 0 
-3.74144 2.59991 0 
-3.74957 2.59889 0 
-3.75768 2.59786 0 
-3.76577 2.59682 0 
-3.77385 2.59577 0 
-3.78192 2.59472 0 
-3.78998 2.59365 0 
-3.79802 2.59257 0 
-3.80604 2.59148 0 
-3.81406 2.59039 0 
-3.82206 2.58928 0 
-3.83004 2.58817 0 
-3.83801 2.58704 0 
-3.84597 2.58591 0 
-3.85391 2.58477 0 
-3.86184 2.58362 0 
-3.86976 2.58246 0 
-3.87766 2.58129 0 
-3.88555 2.58011 0 
-3.89343 2.57892 0 
-3.90129 2.57772 0 
-3.90914 2.57652 0 
-3.91697 2.5753 0 
-3.92479 2.57408 0 
-3.9326 2.57284 0 
-3.94039 2.5716 0 
-3.94817 2.57035 0 
-3.95594 2.56909 0 
-3.9637 2.56783 0 
-3.97144 2.56655 0 
-3.97916 2.56527 0 
-3.98688 2.56397 0 
-3.99458 2.56267 0 
-4.00226 2.56136 0 
-4.00994 2.56004 0 
-4.0176 2.55871 0 
-4.02525 2.55738 0 
-4.03288 2.55603 0 
-4.0405 2.55468 0 
-4.04811 2.55332 0 
-4.05571 2.55195 0 
-4.06329 2.55057 0 
-4.07086 2.54919 0 
-4.07841 2.54779 0 
-4.08596 2.54639 0 
-4.09349 2.54498 0 
-4.101 2.54356 0 
-4.10851 2.54214 0 
-4.116 2.5407 0 
-4.12348 2.53926 0 
-4.13094 2.53781 0 
-4.13839 2.53635 0 
-4.14583 2.53488 0 
-4.15326 2.53341 0 
-4.16067 2.53193 0 
-4.16807 2.53044 0 
-4.17546 2.52894 0 
-4.18284 2.52744 0 
-4.1902 2.52592 0 
-4.19755 2.5244 0 
-4.20489 2.52288 0 
-4.21221 2.52134 0 
-4.21952 2.5198 0 
-4.22682 2.51825 0 
-4.23411 2.51669 0 
-4.24138 2.51512 0 
-4.24864 2.51355 0 
-4.25589 2.51197 0 
-4.26313 2.51038 0 
-4.27035 2.50879 0 
-4.27757 2.50718 0 
-4.28476 2.50557 0 
-4.29195 2.50396 0 
-4.29912 2.50233 0 
-4.30629 2.5007 0 
-4.31344 2.49906 0 
-4.32057 2.49742 0 
-4.3277 2.49576 0 
-4.33481 2.4941 0 
-4.34191 2.49244 0 
-4.349 2.49076 0 
-4.35607 2.48908 0 
-4.36314 2.48739 0 
-4.37019 2.4857 0 
-4.37722 2.48399 0 
-4.38425 2.48228 0 
-4.39127 2.48057 0 
-4.39827 2.47884 0 
-4.40526 2.47711 0 
-4.41224 2.47538 0 
-4.4192 2.47363 0 
-4.42615 2.47188 0 
-4.4331 2.47013 0 
-4.44003 2.46836 0 
-4.44694 2.46659 0 
-4.45385 2.46482 0 
-4.46074 2.46303 0 
-4.46762 2.46124 0 
-4.47449 2.45944 0 
-4.48135 2.45764 0 
-4.4882 2.45583 0 
-4.49503 2.45401 0 
-4.50185 2.45219 0 
-4.50866 2.45036 0 
-4.51546 2.44853 0 
-4.52225 2.44668 0 
-4.52902 2.44483 0 
-4.53578 2.44298 0 
-4.54253 2.44112 0 
-4.54927 2.43925 0 
-4.556 2.43738 0 
-4.56272 2.4355 0 
-4.56942 2.43361 0 
-4.57611 2.43172 0 
-4.58279 2.42982 0 
-4.58946 2.42791 0 
-4.59612 2.426 0 
-4.60276 2.42408 0 
-4.6094 2.42216 0 
-4.61602 2.42023 0 
-4.62263 2.41829 0 
-4.62923 2.41635 0 
-4.63582 2.4144 0 
-4.64239 2.41245 0 
-4.64896 2.41049 0 
-4.65551 2.40852 0 
-4.66205 2.40655 0 
-4.66858 2.40457 0 
-4.6751 2.40259 0 
-4.68161 2.4006 0 
-4.68811 2.39861 0 
-4.69459 2.3966 0 
-4.70106 2.3946 0 
-4.70753 2.39258 0 
-4.71398 2.39057 0 
-4.72041 2.38854 0 
-4.72684 2.38651 0 
-4.73326 2.38448 0 
-4.73966 2.38243 0 
-4.74606 2.38039 0 
-4.75244 2.37833 0 
-4.75881 2.37628 0 
-4.76517 2.37421 0 
-4.77152 2.37214 0 
-4.77786 2.37007 0 
-4.78418 2.36799 0 
-4.7905 2.3659 0 
-4.7968 2.36381 0 
-4.8031 2.36171 0 
-4.80938 2.35961 0 
-4.81565 2.3575 0 
-4.82191 2.35539 0 
-4.82816 2.35327 0 
-4.83439 2.35114 0 
-4.84062 2.34901 0 
-4.84683 2.34688 0 
-4.85304 2.34474 0 
-4.85923 2.34259 0 
-4.86541 2.34044 0 
-4.87159 2.33828 0 
-4.87775 2.33612 0 
-4.8839 2.33395 0 
-4.89003 2.33178 0 
-4.89616 2.3296 0 
-4.90228 2.32742 0 
-4.90838 2.32523 0 
-4.91448 2.32304 0 
-4.92056 2.32084 0 
-4.92664 2.31864 0 
-4.9327 2.31643 0 
-4.93875 2.31422 0 
-4.94479 2.312 0 
-4.95082 2.30978 0 
-4.95684 2.30755 0 
-4.96285 2.30531 0 
-4.96884 2.30308 0 
-4.97483 2.30083 0 
-4.98081 2.29858 0 
-4.98677 2.29633 0 
-4.99273 2.29407 0 
-4.99867 2.29181 0 
-5.0046 2.28954 0 
-5.01053 2.28727 0 
-5.01644 2.28499 0 
-5.02234 2.28271 0 
-5.02823 2.28042 0 
-5.03411 2.27813 0 
-5.03998 2.27583 0 
-5.04584 2.27353 0 
-5.05169 2.27122 0 
-5.05752 2.26891 0 
-5.06335 2.26659 0 
-5.06917 2.26427 0 
-5.07497 2.26195 0 
-5.08077 2.25962 0 
-5.08655 2.25728 0 
-5.09233 2.25494 0 
-5.09809 2.2526 0 
-5.10385 2.25025 0 
-5.10959 2.24789 0 
-5.11532 2.24554 0 
-5.12104 2.24317 0 
-5.12676 2.24081 0 
-5.13246 2.23843 0 
-5.13815 2.23606 0 
-5.14383 2.23368 0 
-5.1495 2.23129 0 
-5.15516 2.2289 0 
-5.16081 2.22651 0 
-5.16645 2.22411 0 
-5.17208 2.22171 0 
-5.1777 2.2193 0 
-5.1833 2.21689 0 
-5.1889 2.21447 0 
-5.19449 2.21205 0 
-5.20007 2.20962 0 
-5.20563 2.20719 0 
-5.21119 2.20476 0 
-5.21674 2.20232 0 
-5.22228 2.19988 0 
-5.2278 2.19743 0 
-5.23332 2.19498 0 
-5.23882 2.19253 0 
-5.24432 2.19007 0 
-5.24981 2.1876 0 
-5.25528 2.18513 0 
-5.26075 2.18266 0 
-5.2662 2.18018 0 
-5.27165 2.1777 0 
-5.27708 2.17522 0 
-5.28251 2.17273 0 
-5.28792 2.17024 0 
-5.29333 2.16774 0 
-5.29872 2.16524 0 
-5.30411 2.16273 0 
-5.30948 2.16022 0 
-5.31485 2.15771 0 
-5.3202 2.15519 0 
-5.32555 2.15267 0 
-5.33088 2.15014 0 
-5.33621 2.14761 0 
-5.34152 2.14508 0 
-5.34683 2.14254 0 
-5.35212 2.14 0 
-5.35741 2.13746 0 
-5.36268 2.13491 0 
-5.36795 2.13235 0 
-5.3732 2.12979 0 
-5.37845 2.12723 0 
-5.38368 2.12467 0 
-5.38891 2.1221 0 
-5.39413 2.11952 0 
-5.39933 2.11695 0 
-5.40453 2.11437 0 
-5.40972 2.11178 0 
-5.41489 2.10919 0 
-5.42006 2.1066 0 
-5.42522 2.104 0 
-5.43036 2.1014 0 
-5.4355 2.0988 0 
-5.44063 2.09619 0 
-5.44575 2.09358 0 
-5.45085 2.09097 0 
-5.45595 2.08835 0 
-5.46104 2.08573 0 
-5.46612 2.0831 0 
-5.47119 2.08047 0 
-5.47625 2.07784 0 
-5.4813 2.0752 0 
-5.48634 2.07256 0 
-5.49137 2.06991 0 
-5.49639 2.06726 0 
-5.5014 2.06461 0 
-5.5064 2.06196 0 
-5.5114 2.0593 0 
-5.51638 2.05663 0 
-5.52135 2.05397 0 
-5.52631 2.0513 0 
-5.53127 2.04863 0 
-5.53621 2.04595 0 
-5.54115 2.04327 0 
-5.54607 2.04058 0 
-5.55099 2.0379 0 
-5.55589 2.03521 0 
-5.56079 2.03251 0 
-5.56568 2.02981 0 
-5.57055 2.02711 0 
-5.57542 2.02441 0 
-5.58028 2.0217 0 
-5.58513 2.01899 0 
-5.58997 2.01627 0 
-5.5948 2.01355 0 
-5.59962 2.01083 0 
-5.60443 2.0081 0 
-5.60923 2.00538 0 
-5.61402 2.00264 0 
-5.61881 1.99991 0 
-5.62358 1.99717 0 
-5.62834 1.99443 0 
-5.6331 1.99168 0 
-5.63784 1.98893 0 
-5.64258 1.98618 0 
-5.6473 1.98342 0 
-5.65202 1.98067 0 
-5.65673 1.9779 0 
-5.66143 1.97514 0 
-5.66612 1.97237 0 
-5.6708 1.9696 0 
-5.67547 1.96682 0 
-5.68013 1.96404 0 
-5.68478 1.96126 0 
-5.68942 1.95848 0 
-5.69406 1.95569 0 
-5.69868 1.9529 0 
-5.70329 1.9501 0 
-5.7079 1.94731 0 
-5.7125 1.94451 0 
-5.71708 1.9417 0 
-5.72166 1.9389 0 
-5.72623 1.93609 0 
-5.73079 1.93327 0 
-5.73534 1.93046 0 
-5.73988 1.92764 0 
-5.74441 1.92482 0 
-5.74893 1.92199 0 
-5.75345 1.91916 0 
-5.75795 1.91633 0 
-5.76245 1.91349 0 
-5.76693 1.91066 0 
-5.77141 1.90782 0 
-5.77588 1.90497 0 
-5.78033 1.90213 0 
-5.78478 1.89928 0 
-5.78922 1.89642 0 
-5.79365 1.89357 0 
-5.79808 1.89071 0 
-5.80249 1.88785 0 
-5.80689 1.88498 0 
-5.81129 1.88212 0 
-5.81567 1.87925 0 
-5.82005 1.87637 0 
-5.82442 1.8735 0 
-5.82878 1.87062 0 
-5.83313 1.86773 0 
-5.83747 1.86485 0 
-5.8418 1.86196 0 
-5.84612 1.85907 0 
-5.85044 1.85618 0 
-5.85474 1.85328 0 
-5.85904 1.85038 0 
-5.86332 1.84748 0 
-5.8676 1.84457 0 
-5.87187 1.84167 0 
-5.87613 1.83876 0 
-5.88038 1.83584 0 
-5.88462 1.83293 0 
-5.88885 1.83001 0 
-5.89308 1.82709 0 
-5.89729 1.82416 0 
-5.9015 1.82123 0 
-5.9057 1.8183 0 
-5.90988 1.81537 0 
-5.91406 1.81244 0 
-5.91824 1.8095 0 
-5.9224 1.80656 0 
-5.92655 1.80361 0 
-5.93069 1.80067 0 
-5.93483 1.79772 0 
-5.93896 1.79477 0 
-5.94307 1.79181 0 
-5.94718 1.78885 0 
-5.95128 1.7859 0 
-5.95537 1.78293 0 
-5.95945 1.77997 0 
-5.96353 1.777 0 
-5.96759 1.77403 0 
-5.97165 1.77106 0 
-5.9757 1.76808 0 
-5.97973 1.7651 0 
-5.98376 1.76212 0 
-5.98778 1.75914 0 
-5.9918 1.75615 0 
-5.9958 1.75317 0 
-5.99979 1.75018 0 
-6.00378 1.74718 0 
-6.00776 1.74419 0 
-6.01173 1.74119 0 
-6.01569 1.73819 0 
-6.01964 1.73518 0 
-6.02358 1.73218 0 
-6.02751 1.72917 0 
-6.03144 1.72616 0 
-6.03535 1.72314 0 
-6.03926 1.72013 0 
-6.04316 1.71711 0 
-6.04705 1.71409 0 
-6.05093 1.71107 0 
-6.0548 1.70804 0 
-6.05867 1.70501 0 
-6.06252 1.70198 0 
-6.06637 1.69895 0 
-6.07021 1.69591 0 
-6.07404 1.69287 0 
-6.07786 1.68983 0 
-6.08167 1.68679 0 
-6.08548 1.68375 0 
-6.08927 1.6807 0 
-6.09306 1.67765 0 
-6.09684 1.6746 0 
-6.10061 1.67154 0 
-6.10437 1.66849 0 
-6.10812 1.66543 0 
-6.11186 1.66236 0 
-6.1156 1.6593 0 
-6.11933 1.65623 0 
-6.12305 1.65317 0 
-6.12676 1.6501 0 
-6.13046 1.64702 0 
-6.13415 1.64395 0 
-6.13783 1.64087 0 
-6.14151 1.63779 0 
-6.14518 1.63471 0 
-6.14884 1.63162 0 
-6.15249 1.62854 0 
-6.15613 1.62545 0 
-6.15976 1.62236 0 
-6.16339 1.61926 0 
-6.167 1.61617 0 
-6.17061 1.61307 0 
-6.17421 1.60997 0 
-6.1778 1.60687 0 
-6.18138 1.60376 0 
-6.18496 1.60066 0 
-6.18852 1.59755 0 
-6.19208 1.59444 0 
-6.19563 1.59132 0 
-6.19917 1.58821 0 
-6.2027 1.58509 0 
-6.20623 1.58197 0 
-6.20974 1.57885 0 
-6.21325 1.57572 0 
-6.21675 1.5726 0 
-6.22024 1.56947 0 
-6.22372 1.56634 0 
-6.22719 1.56321 0 
-6.23066 1.56007 0 
-6.23411 1.55694 0 
-6.23756 1.5538 0 
-6.241 1.55066 0 
-6.24443 1.54751 0 
-6.24786 1.54437 0 
-6.25127 1.54122 0 
-6.25468 1.53807 0 
-6.25808 1.53492 0 
-6.26147 1.53177 0 
-6.26485 1.52861 0 
-6.26822 1.52546 0 
-6.27159 1.5223 0 
-6.27494 1.51914 0 
-6.27829 1.51597 0 
-6.28163 1.51281 0 
-6.28497 1.50964 0 
-6.28829 1.50647 0 
-6.2916 1.5033 0 
-6.29491 1.50013 0 
-6.29821 1.49695 0 
-6.3015 1.49378 0 
-6.30478 1.4906 0 
-6.30806 1.48742 0 
-6.31132 1.48423 0 
-6.31458 1.48105 0 
-6.31783 1.47786 0 
-6.32107 1.47467 0 
-6.32431 1.47148 0 
-6.32753 1.46829 0 
-6.33075 1.4651 0 
-6.33396 1.4619 0 
-6.33716 1.4587 0 
-6.34035 1.4555 0 
-6.34353 1.4523 0 
-6.34671 1.4491 0 
-6.34988 1.44589 0 
-6.35304 1.44268 0 
-6.35619 1.43947 0 
-6.35933 1.43626 0 
-6.36247 1.43305 0 
-6.36559 1.42983 0 
-6.36871 1.42662 0 
-6.37182 1.4234 0 
-6.37492 1.42018 0 
-6.37802 1.41696 0 
-6.3811 1.41373 0 
-6.38418 1.41051 0 
-6.38725 1.40728 0 
-6.39031 1.40405 0 
-6.39337 1.40082 0 
-6.39641 1.39758 0 
-6.39945 1.39435 0 
-6.40248 1.39111 0 
-6.4055 1.38788 0 
-6.40852 1.38464 0 
-6.41152 1.38139 0 
-6.41452 1.37815 0 
-6.41751 1.37491 0 
-6.42049 1.37166 0 
-6.42346 1.36841 0 
-6.42643 1.36516 0 
-6.42938 1.36191 0 
-6.43233 1.35865 0 
-6.43527 1.3554 0 
-6.4382 1.35214 0 
-6.44113 1.34888 0 
-6.44405 1.34562 0 
-6.44695 1.34236 0 
-6.44985 1.3391 0 
-6.45275 1.33583 0 
-6.45563 1.33256 0 
-6.45851 1.32929 0 
-6.46138 1.32602 0 
-6.46424 1.32275 0 
-6.46709 1.31948 0 
-6.46993 1.3162 0 
-6.47277 1.31292 0 
-6.4756 1.30965 0 
-6.47842 1.30637 0 
-6.48123 1.30308 0 
-6.48404 1.2998 0 
-6.48683 1.29652 0 
-6.48962 1.29323 0 
-6.4924 1.28994 0 
-6.49518 1.28665 0 
-6.49794 1.28336 0 
-6.5007 1.28007 0 
-6.50345 1.27677 0 
-6.50619 1.27348 0 
-6.50892 1.27018 0 
-6.51165 1.26688 0 
-6.51436 1.26358 0 
-6.51707 1.26028 0 
-6.51977 1.25697 0 
-6.52247 1.25367 0 
-6.52515 1.25036 0 
-6.52783 1.24705 0 
-6.5305 1.24374 0 
-6.53316 1.24043 0 
-6.53582 1.23712 0 
-6.53846 1.2338 0 
-6.5411 1.23049 0 
-6.54373 1.22717 0 
-6.54635 1.22385 0 
-6.54897 1.22053 0 
-6.55157 1.21721 0 
-6.55417 1.21389 0 
-6.55676 1.21056 0 
-6.55935 1.20724 0 
-6.56192 1.20391 0 
-6.56449 1.20058 0 
-6.56705 1.19725 0 
-6.5696 1.19392 0 
-6.57214 1.19058 0 
-6.57468 1.18725 0 
-6.57721 1.18391 0 
-6.57973 1.18057 0 
-6.58224 1.17724 0 
-6.58475 1.1739 0 
-6.58724 1.17055 0 
-6.58973 1.16721 0 
