1 0 0 
0.999822 0.0210732 0 
0.99929 0.0421389 0 
0.998402 0.0631897 0 
0.99716 0.084218 0 
0.995564 0.105217 0 
0.993616 0.126178 0 
0.991317 0.147094 0 
0.988668 0.167959 0 
0.98567 0.188765 0 
0.982326 0.209504 0 
0.978638 0.230169 0 
0.974607 0.250755 0 
0.970237 0.271253 0 
0.965529 0.291656 0 
0.960487 0.311959 0 
0.955114 0.332154 0 
0.949413 0.352235 0 
0.943386 0.372195 0 
0.937039 0.392029 0 
0.930374 0.411729 0 
0.923395 0.431291 0 
0.916106 0.450708 0 
0.908511 0.469975 0 
0.900614 0.489085 0 
0.892421 0.508034 0 
0.883934 0.526817 0 
0.875159 0.545427 0 
0.866101 0.563861 0 
0.856764 0.582114 0 
0.847153 0.60018 0 
0.837273 0.618056 0 
0.827129 0.635737 0 
0.816726 0.653219 0 
0.80607 0.670498 0 
0.795165 0.687571 0 
0.784016 0.704433 0 
0.77263 0.721082 0 
0.761012 0.737513 0 
0.749166 0.753724 0 
0.737098 0.769712 0 
0.724814 0.785475 0 
0.712319 0.801008 0 
0.699619 0.816311 0 
0.686719 0.83138 0 
0.673624 0.846214 0 
0.660339 0.86081 0 
0.646871 0.875166 0 
0.633225 0.889281 0 
0.619406 0.903154 0 
0.605419 0.916782 0 
0.59127 0.930165 0 
0.576965 0.9433 0 
0.562507 0.956188 0 
0.547903 0.968827 0 
0.533158 0.981216 0 
0.518277 0.993355 0 
0.503265 1.00524 0 
0.488127 1.01688 0 
0.472869 1.02826 0 
0.457494 1.0394 0 
0.442008 1.05028 0 
0.426417 1.06091 0 
0.410723 1.07128 0 
0.394934 1.08141 0 
0.379052 1.09128 0 
0.363083 1.1009 0 
0.347031 1.11027 0 
0.330901 1.11939 0 
0.314697 1.12826 0 
0.298423 1.13688 0 
0.282084 1.14525 0 
0.265684 1.15337 0 
0.249227 1.16125 0 
0.232717 1.16888 0 
0.216158 1.17626 0 
0.199554 1.1834 0 
0.182909 1.1903 0 
0.166227 1.19696 0 
0.149512 1.20337 0 
0.132767 1.20954 0 
0.115995 1.21548 0 
0.0992014 1.22118 0 
0.0823882 1.22664 0 
0.0655593 1.23187 0 
0.0487179 1.23686 0 
0.0318674 1.24163 0 
0.0150109 1.24616 0 
-0.00184824 1.25046 0 
-0.0187071 1.25454 0 
-0.0355626 1.25839 0 
-0.0524118 1.26202 0 
-0.0692517 1.26542 0 
-0.0860795 1.2686 0 
-0.102893 1.27157 0 
-0.119688 1.27431 0 
-0.136463 1.27685 0 
-0.153215 1.27916 0 
-0.169942 1.28127 0 
-0.186641 1.28316 0 
-0.203309 1.28484 0 
-0.219945 1.28632 0 
-0.236545 1.28759 0 
-0.253108 1.28866 0 
-0.269631 1.28952 0 
-0.286113 1.29019 0 
-0.30255 1.29065 0 
-0.318941 1.29092 0 
-0.335284 1.29099 0 
-0.351577 1.29087 0 
-0.367817 1.29056 0 
-0.384004 1.29006 0 
-0.400135 1.28937 0 
-0.416207 1.2885 0 
-0.432221 1.28744 0 
-0.448173 1.2862 0 
-0.464061 1.28478 0 
-0.479886 1.28317 0 
-0.495644 1.28139 0 
-0.511334 1.27944 0 
-0.526954 1.27731 0 
-0.542504 1.27501 0 
-0.557981 1.27254 0 
-0.573384 1.2699 0 
-0.588712 1.26709 0 
-0.603963 1.26412 0 
-0.619137 1.26099 0 
-0.634231 1.25769 0 
-0.649244 1.25424 0 
-0.664175 1.25062 0 
-0.679023 1.24685 0 
-0.693787 1.24293 0 
-0.708466 1.23885 0 
-0.723058 1.23462 0 
-0.737562 1.23024 0 
-0.751977 1.22571 0 
-0.766303 1.22103 0 
-0.780537 1.21621 0 
-0.79468 1.21125 0 
-0.80873 1.20615 0 
-0.822686 1.2009 0 
-0.836547 1.19552 0 
-0.850313 1.19 0 
-0.863982 1.18435 0 
-0.877554 1.17856 0 
-0.891027 1.17264 0 
-0.904401 1.16659 0 
-0.917676 1.16041 0 
-0.930849 1.15411 0 
-0.943921 1.14767 0 
-0.956891 1.14112 0 
-0.969758 1.13444 0 
-0.982522 1.12764 0 
-0.995181 1.12072 0 
-1.00773 1.11368 0 
-1.02018 1.10652 0 
-1.03253 1.09925 0 
-1.04476 1.09187 0 
-1.05689 1.08437 0 
-1.06891 1.07676 0 
-1.08082 1.06905 0 
-1.09262 1.06122 0 
-1.10431 1.05329 0 
-1.11589 1.04525 0 
-1.12736 1.03711 0 
-1.13872 1.02887 0 
-1.14997 1.02052 0 
-1.1611 1.01208 0 
-1.17212 1.00353 0 
-1.18303 0.994892 0 
-1.19383 0.986156 0 
-1.20451 0.977326 0 
-1.21507 0.968402 0 
-1.22552 0.959387 0 
-1.23586 0.950281 0 
-1.24607 0.941087 0 
-1.25618 0.931804 0 
-1.26616 0.922435 0 
-1.27603 0.912981 0 
-1.28578 0.903443 0 
-1.29542 0.893822 0 
-1.30493 0.884119 0 
-1.31433 0.874336 0 
-1.32361 0.864475 0 
-1.33277 0.854535 0 
-1.34181 0.84452 0 
-1.35073 0.834428 0 
-1.35953 0.824263 0 
-1.36821 0.814025 0 
-1.37677 0.803715 0 
-1.38521 0.793335 0 
-1.39353 0.782885 0 
-1.40173 0.772367 0 
-1.4098 0.761783 0 
-1.41776 0.751132 0 
-1.42559 0.740417 0 
-1.4333 0.729639 0 
-1.44088 0.718798 0 
-1.44835 0.707896 0 
-1.45569 0.696934 0 
-1.46291 0.685913 0 
-1.47001 0.674834 0 
-1.47698 0.663699 0 
-1.48383 0.652508 0 
-1.49055 0.641262 0 
-1.49715 0.629964 0 
-1.50363 0.618613 0 
-1.50998 0.607211 0 
-1.51621 0.595759 0 
-1.52231 0.584257 0 
-1.52829 0.572709 0 
-1.53414 0.561113 0 
-1.53987 0.549471 0 
-1.54548 0.537785 0 
-1.55095 0.526055 0 
-1.55631 0.514283 0 
-1.56153 0.502469 0 
-1.56664 0.490615 0 
-1.57161 0.478721 0 
-1.57646 0.466789 0 
-1.58118 0.45482 0 
-1.58578 0.442814 0 
-1.59025 0.430773 0 
-1.5946 0.418698 0 
-1.59882 0.40659 0 
-1.60291 0.394449 0 
-1.60687 0.382278 0 
-1.61071 0.370076 0 
-1.61442 0.357845 0 
-1.61801 0.345586 0 
-1.62147 0.3333 0 
-1.6248 0.320987 0 
-1.628 0.30865 0 
-1.63108 0.296289 0 
-1.63403 0.283904 0 
-1.63685 0.271497 0 
-1.63955 0.25907 0 
-1.64211 0.246622 0 
-1.64455 0.234155 0 
-1.64687 0.221669 0 
-1.64905 0.209167 0 
-1.65111 0.196648 0 
-1.65304 0.184115 0 
-1.65484 0.171567 0 
-1.65652 0.159005 0 
-1.65806 0.146432 0 
-1.65948 0.133847 0 
-1.66078 0.121252 0 
-1.66194 0.108648 0 
-1.66297 0.0960349 0 
-1.66388 0.0834148 0 
-1.66466 0.0707882 0 
-1.66532 0.0581562 0 
-1.66584 0.0455198 0 
-1.66624 0.0328798 0 
-1.66651 0.0202374 0 
-1.66665 0.00759335 0 
-1.66666 -0.00505126 0 
-1.66654 -0.0176955 0 
-1.6663 -0.0303383 0 
-1.66593 -0.0429789 0 
-1.66543 -0.0556161 0 
-1.6648 -0.0682491 0 
-1.66405 -0.0808768 0 
-1.66317 -0.0934983 0 
-1.66216 -0.106113 0 
-1.66102 -0.118719 0 
-1.65975 -0.131316 0 
-1.65836 -0.143903 0 
-1.65684 -0.156479 0 
-1.65519 -0.169042 0 
-1.65341 -0.181593 0 
-1.65151 -0.19413 0 
-1.64948 -0.206651 0 
-1.64732 -0.219157 0 
-1.64503 -0.231646 0 
-1.64261 -0.244117 0 
-1.64007 -0.256569 0 
-1.6374 -0.269 0 
-1.63461 -0.281411 0 
-1.63168 -0.293801 0 
-1.62863 -0.306167 0 
-1.62545 -0.318509 0 
-1.62215 -0.330826 0 
-1.61871 -0.343118 0 
-1.61516 -0.355383 0 
-1.61147 -0.367619 0 
-1.60766 -0.379827 0 
-1.60372 -0.392005 0 
-1.59965 -0.404152 0 
-1.59546 -0.416266 0 
-1.59114 -0.428348 0 
-1.58669 -0.440396 0 
-1.58212 -0.452409 0 
-1.57742 -0.464386 0 
-1.5726 -0.476325 0 
-1.56765 -0.488227 0 
-1.56257 -0.500089 0 
-1.55737 -0.511911 0 
-1.55204 -0.523692 0 
-1.54659 -0.53543 0 
-1.54101 -0.547125 0 
-1.53531 -0.558776 0 
-1.52948 -0.570381 0 
-1.52352 -0.581939 0 
-1.51745 -0.59345 0 
-1.51124 -0.604912 0 
-1.50491 -0.616325 0 
-1.49846 -0.627686 0 
-1.49189 -0.638995 0 
-1.48519 -0.650251 0 
-1.47836 -0.661453 0 
-1.47142 -0.6726 0 
-1.46435 -0.68369 0 
-1.45715 -0.694723 0 
-1.44983 -0.705697 0 
-1.44239 -0.716611 0 
-1.43483 -0.727464 0 
-1.42715 -0.738255 0 
-1.41934 -0.748983 0 
-1.41141 -0.759647 0 
-1.40336 -0.770245 0 
-1.39519 -0.780776 0 
-1.38689 -0.791239 0 
-1.37848 -0.801634 0 
-1.36994 -0.811958 0 
-1.36128 -0.82221 0 
-1.35251 -0.832391 0 
-1.34361 -0.842497 0 
-1.33459 -0.852528 0 
-1.32546 -0.862483 0 
-1.3162 -0.87236 0 
-1.30683 -0.882159 0 
-1.29734 -0.891877 0 
-1.28773 -0.901515 0 
-1.278 -0.91107 0 
-1.26816 -0.920541 0 
-1.25819 -0.929927 0 
-1.24811 -0.939227 0 
-1.23792 -0.94844 0 
-1.22761 -0.957564 0 
-1.21718 -0.966597 0 
-1.20664 -0.975539 0 
-1.19598 -0.984388 0 
-1.18521 -0.993143 0 
-1.17432 -1.0018 0 
-1.16332 -1.01037 0 
-1.15221 -1.01883 0 
-1.14099 -1.0272 0 
-1.12965 -1.03546 0 
-1.11821 -1.04362 0 
-1.10665 -1.05168 0 
-1.09498 -1.05963 0 
-1.0832 -1.06748 0 
-1.07131 -1.07522 0 
-1.05931 -1.08285 0 
-1.04721 -1.09037 0 
-1.03499 -1.09778 0 
-1.02267 -1.10507 0 
-1.01024 -1.11225 0 
-0.997712 -1.11931 0 
-0.985074 -1.12626 0 
-0.972331 -1.13308 0 
-0.959485 -1.13978 0 
-0.946536 -1.14637 0 
-0.933484 -1.15282 0 
-0.920331 -1.15915 0 
-0.907076 -1.16536 0 
-0.893722 -1.17144 0 
-0.880269 -1.17738 0 
-0.866717 -1.1832 0 
-0.853067 -1.18888 0 
-0.839321 -1.19442 0 
-0.825479 -1.19983 0 
-0.811542 -1.2051 0 
-0.79751 -1.21024 0 
-0.783386 -1.21523 0 
-0.76917 -1.22008 0 
-0.754863 -1.22478 0 
-0.740465 -1.22934 0 
-0.725979 -1.23375 0 
-0.711404 -1.23801 0 
-0.696743 -1.24212 0 
-0.681996 -1.24607 0 
-0.667165 -1.24988 0 
-0.65225 -1.25352 0 
-0.637253 -1.25701 0 
-0.622176 -1.26034 0 
-0.607018 -1.26351 0 
-0.591782 -1.26651 0 
-0.57647 -1.26935 0 
-0.561082 -1.27202 0 
-0.545619 -1.27453 0 
-0.530084 -1.27686 0 
-0.514477 -1.27903 0 
-0.498801 -1.28101 0 
-0.483057 -1.28283 0 
-0.467246 -1.28447 0 
-0.45137 -1.28593 0 
-0.43543 -1.2872 0 
-0.419429 -1.2883 0 
-0.403368 -1.28921 0 
-0.387249 -1.28994 0 
-0.371074 -1.29048 0 
-0.354844 -1.29083 0 
-0.338561 -1.29098 0 
-0.322228 -1.29095 0 
-0.305846 -1.29072 0 
-0.289418 -1.29029 0 
-0.272946 -1.28967 0 
-0.256431 -1.28885 0 
-0.239875 -1.28782 0 
-0.223282 -1.28659 0 
-0.206654 -1.28515 0 
-0.189992 -1.28351 0 
-0.173299 -1.28166 0 
-0.156577 -1.2796 0 
-0.13983 -1.27733 0 
-0.123059 -1.27484 0 
-0.106268 -1.27214 0 
-0.0894582 -1.26922 0 
-0.0726331 -1.26608 0 
-0.0557954 -1.26272 0 
-0.0389478 -1.25913 0 
-0.0220933 -1.25533 0 
-0.00523489 -1.2513 0 
0.0116245 -1.24704 0 
0.0284817 -1.24255 0 
0.0453337 -1.23784 0 
0.0621772 -1.23289 0 
0.0790089 -1.22771 0 
0.0958256 -1.22229 0 
0.112624 -1.21664 0 
0.1294 -1.21075 0 
0.146151 -1.20463 0 
0.162872 -1.19826 0 
0.179561 -1.19166 0 
0.196214 -1.18481 0 
0.212826 -1.17772 0 
0.229394 -1.17038 0 
0.245914 -1.1628 0 
0.262382 -1.15498 0 
0.278794 -1.1469 0 
0.295146 -1.13858 0 
0.311433 -1.13001 0 
0.327652 -1.12119 0 
0.343797 -1.11212 0 
0.359865 -1.1028 0 
0.375851 -1.09323 0 
0.391751 -1.08341 0 
0.40756 -1.07334 0 
0.423272 -1.06301 0 
0.438885 -1.05243 0 
0.454392 -1.0416 0 
0.46979 -1.03052 0 
0.485072 -1.01919 0 
0.500235 -1.0076 0 
0.515272 -0.995762 0 
0.53018 -0.983674 0 
0.544953 -0.971335 0 
0.559585 -0.958746 0 
0.574073 -0.945908 0 
0.58841 -0.932822 0 
0.60259 -0.919489 0 
0.61661 -0.90591 0 
0.630463 -0.892086 0 
0.644145 -0.87802 0 
0.657649 -0.863712 0 
0.670971 -0.849164 0 
0.684104 -0.834378 0 
0.697044 -0.819356 0 
0.709785 -0.8041 0 
0.722322 -0.788612 0 
0.734648 -0.772896 0 
0.74676 -0.756953 0 
0.758651 -0.740786 0 
0.770315 -0.724398 0 
0.781749 -0.707793 0 
0.792945 -0.690974 0 
0.803899 -0.673943 0 
0.814606 -0.656705 0 
0.82506 -0.639264 0 
0.835256 -0.621622 0 
0.84519 -0.603785 0 
0.854855 -0.585757 0 
0.864248 -0.567541 0 
0.873363 -0.549143 0 
0.882195 -0.530568 0 
0.890739 -0.511819 0 
0.898992 -0.492903 0 
0.906949 -0.473825 0 
0.914605 -0.454589 0 
0.921955 -0.435202 0 
0.928997 -0.415669 0 
0.935726 -0.395995 0 
0.942137 -0.376188 0 
0.948228 -0.356252 0 
0.953995 -0.336195 0 
0.959435 -0.316023 0 
0.964543 -0.295741 0 
0.969318 -0.275357 0 
0.973757 -0.254878 0 
0.977856 -0.23431 0 
0.981613 -0.213659 0 
0.985026 -0.192934 0 
0.988094 -0.172142 0 
0.990813 -0.151288 0 
0.993183 -0.130382 0 
0.995201 -0.109429 0 
0.996868 -0.0884371 0 
0.998181 -0.0674142 0 
0.99914 -0.0463673 0 
0.999744 -0.025304 0 
0.999993 -0.00423169 0 
0.999887 0.0168421 0 
0.999425 0.0379099 0 
0.998609 0.0589643 0 
0.997438 0.0799977 0 
0.995913 0.101003 0 
0.994036 0.121972 0 
0.991807 0.142898 0 
0.989228 0.163774 0 
0.9863 0.184592 0 
0.983025 0.205345 0 
0.979406 0.226026 0 
0.975444 0.246628 0 
0.971142 0.267144 0 
0.966501 0.287567 0 
0.961527 0.30789 0 
0.95622 0.328108 0 
0.950584 0.348212 0 
0.944623 0.368197 0 
0.938339 0.388056 0 
0.931738 0.407784 0 
0.924821 0.427374 0 
0.917594 0.446821 0 
0.91006 0.466118 0 
0.902224 0.485261 0 
0.89409 0.504243 0 
0.885662 0.523059 0 
0.876944 0.541705 0 
0.867943 0.560174 0 
0.858661 0.578464 0 
0.849105 0.596568 0 
0.839278 0.614482 0 
0.829187 0.632203 0 
0.818836 0.649725 0 
0.80823 0.667045 0 
0.797374 0.68416 0 
0.786275 0.701064 0 
0.774936 0.717756 0 
0.763364 0.734231 0 
0.751563 0.750487 0 
0.73954 0.76652 0 
0.727299 0.782328 0 
0.714846 0.797908 0 
0.702186 0.813257 0 
0.689325 0.828373 0 
0.676269 0.843254 0 
0.663022 0.857898 0 
0.649591 0.872303 0 
0.63598 0.886467 0 
0.622195 0.900388 0 
0.608242 0.914065 0 
0.594125 0.927497 0 
0.57985 0.940683 0 
0.565423 0.95362 0 
0.550848 0.966309 0 
0.536131 0.978749 0 
0.521277 0.990938 0 
0.506291 1.00288 0 
0.491178 1.01456 0 
0.475943 1.026 0 
0.460591 1.03718 0 
0.445127 1.04811 0 
0.429557 1.05879 0 
0.413883 1.06922 0 
0.398113 1.0794 0 
0.382249 1.08932 0 
0.366297 1.09899 0 
0.350262 1.10841 0 
0.334147 1.11758 0 
0.317957 1.1265 0 
0.301697 1.13517 0 
0.285371 1.14359 0 
0.268982 1.15176 0 
0.252537 1.15969 0 
0.236037 1.16737 0 
0.219488 1.1748 0 
0.202893 1.18199 0 
0.186256 1.18894 0 
0.169581 1.19564 0 
0.152872 1.2021 0 
0.136133 1.20832 0 
0.119366 1.21431 0 
0.102577 1.22005 0 
0.0857669 1.22556 0 
0.0689408 1.23084 0 
0.0521017 1.23588 0 
0.0352528 1.24069 0 
0.0183973 1.24527 0 
0.00153842 1.24962 0 
-0.0153207 1.25374 0 
-0.0321771 1.25763 0 
-0.0490278 1.26131 0 
-0.0658698 1.26476 0 
-0.0827003 1.26798 0 
-0.0995165 1.27099 0 
-0.116316 1.27378 0 
-0.133095 1.27635 0 
-0.149852 1.27871 0 
-0.166584 1.28086 0 
-0.183289 1.2828 0 
-0.199963 1.28452 0 
-0.216606 1.28604 0 
-0.233213 1.28735 0 
-0.249784 1.28846 0 
-0.266315 1.28936 0 
-0.282805 1.29007 0 
-0.299251 1.29057 0 
-0.315652 1.29088 0 
-0.332005 1.291 0 
-0.348308 1.29092 0 
-0.364559 1.29064 0 
-0.380757 1.29018 0 
-0.396899 1.28953 0 
-0.412983 1.28869 0 
-0.429009 1.28767 0 
-0.444973 1.28646 0 
-0.460875 1.28508 0 
-0.476712 1.28351 0 
-0.492483 1.28177 0 
-0.508187 1.27985 0 
-0.523822 1.27775 0 
-0.539386 1.27549 0 
-0.554878 1.27305 0 
-0.570296 1.27045 0 
-0.585639 1.26767 0 
-0.600906 1.26473 0 
-0.616095 1.26163 0 
-0.631205 1.25837 0 
-0.646234 1.25494 0 
-0.661182 1.25136 0 
-0.676047 1.24762 0 
-0.690828 1.24373 0 
-0.705524 1.23968 0 
-0.720133 1.23548 0 
-0.734655 1.23113 0 
-0.749088 1.22663 0 
-0.763432 1.22199 0 
-0.777685 1.2172 0 
-0.791846 1.21226 0 
-0.805915 1.20719 0 
-0.81989 1.20197 0 
-0.83377 1.19662 0 
-0.847555 1.19112 0 
-0.861244 1.1855 0 
-0.874835 1.17974 0 
-0.888328 1.17384 0 
-0.901722 1.16782 0 
-0.915017 1.16166 0 
-0.928211 1.15538 0 
-0.941303 1.14898 0 
-0.954294 1.14245 0 
-0.967182 1.13579 0 
-0.979966 1.12901 0 
-0.992646 1.12212 0 
-1.00522 1.1151 0 
-1.01769 1.10797 0 
-1.03005 1.10072 0 
-1.04231 1.09336 0 
-1.05446 1.08589 0 
-1.0665 1.0783 0 
-1.07843 1.07061 0 
-1.09026 1.0628 0 
-1.10197 1.05489 0 
-1.11357 1.04688 0 
-1.12507 1.03875 0 
-1.13645 1.03053 0 
-1.14772 1.02221 0 
-1.15887 1.01378 0 
-1.16992 1.00526 0 
-1.18085 0.996637 0 
-1.19167 0.98792 0 
-1.20237 0.979109 0 
-1.21296 0.970204 0 
-1.22343 0.961207 0 
-1.23379 0.952119 0 
-1.24403 0.942942 0 
-1.25416 0.933677 0 
-1.26417 0.924326 0 
-1.27406 0.914888 0 
-1.28383 0.905367 0 
-1.29349 0.895762 0 
-1.30303 0.886076 0 
-1.31245 0.87631 0 
-1.32175 0.866464 0 
-1.33094 0.85654 0 
-1.34 0.846539 0 
-1.34895 0.836463 0 
-1.35777 0.826313 0 
-1.36648 0.816089 0 
-1.37506 0.805793 0 
-1.38352 0.795427 0 
-1.39187 0.784991 0 
-1.40009 0.774487 0 
-1.40819 0.763916 0 
-1.41617 0.753279 0 
-1.42402 0.742577 0 
-1.43176 0.731811 0 
-1.43937 0.720982 0 
-1.44686 0.710092 0 
-1.45423 0.699142 0 
-1.46147 0.688133 0 
-1.46859 0.677066 0 
-1.47559 0.665942 0 
-1.48246 0.654762 0 
-1.48921 0.643528 0 
-1.49584 0.632239 0 
-1.50234 0.620899 0 
-1.50871 0.609507 0 
-1.51497 0.598065 0 
-1.5211 0.586574 0 
-1.5271 0.575034 0 
-1.53298 0.563448 0 
-1.53873 0.551815 0 
-1.54436 0.540138 0 
-1.54986 0.528417 0 
-1.55524 0.516653 0 
-1.56049 0.504847 0 
-1.56562 0.493001 0 
-1.57062 0.481115 0 
-1.5755 0.469191 0 
-1.58025 0.457229 0 
-1.58487 0.445231 0 
-1.58936 0.433197 0 
-1.59374 0.421128 0 
-1.59798 0.409027 0 
-1.6021 0.396893 0 
-1.60609 0.384727 0 
-1.60995 0.372531 0 
-1.61369 0.360306 0 
-1.6173 0.348053 0 
-1.62078 0.335772 0 
-1.62414 0.323465 0 
-1.62737 0.311132 0 
-1.63047 0.298776 0 
-1.63345 0.286396 0 
-1.63629 0.273993 0 
-1.63902 0.26157 0 
-1.64161 0.249126 0 
-1.64407 0.236662 0 
-1.64641 0.224181 0 
-1.64862 0.211682 0 
-1.65071 0.199166 0 
-1.65266 0.186636 0 
-1.65449 0.17409 0 
-1.65619 0.161532 0 
-1.65776 0.148961 0 
-1.65921 0.136378 0 
-1.66053 0.123785 0 
-1.66172 0.111182 0 
-1.66278 0.0985712 0 
-1.66371 0.0859525 0 
-1.66452 0.0733272 0 
-1.66519 0.0606962 0 
-1.66574 0.0480606 0 
-1.66617 0.0354212 0 
-1.66646 0.0227792 0 
-1.66663 0.0101354 0 
-1.66667 -0.00250916 0 
-1.66658 -0.0151535 0 
-1.66636 -0.0277967 0 
-1.66601 -0.0404378 0 
-1.66554 -0.0530758 0 
-1.66494 -0.0657097 0 
-1.66421 -0.0783385 0 
-1.66336 -0.0909614 0 
-1.66237 -0.103577 0 
-1.66126 -0.116185 0 
-1.66002 -0.128784 0 
-1.65865 -0.141373 0 
-1.65715 -0.153951 0 
-1.65553 -0.166517 0 
-1.65378 -0.179071 0 
-1.6519 -0.19161 0 
-1.64989 -0.204135 0 
-1.64776 -0.216644 0 
-1.6455 -0.229137 0 
-1.64311 -0.241611 0 
-1.64059 -0.254067 0 
-1.63795 -0.266503 0 
-1.63518 -0.278918 0 
-1.63228 -0.291312 0 
-1.62925 -0.303683 0 
-1.6261 -0.31603 0 
-1.62282 -0.328352 0 
-1.61941 -0.340649 0 
-1.61588 -0.352919 0 
-1.61222 -0.365161 0 
-1.60843 -0.377375 0 
-1.60452 -0.389559 0 
-1.60048 -0.401712 0 
-1.59631 -0.413833 0 
-1.59201 -0.425922 0 
-1.58759 -0.437977 0 
-1.58305 -0.449997 0 
-1.57837 -0.461981 0 
-1.57358 -0.473928 0 
-1.56865 -0.485837 0 
-1.5636 -0.497707 0 
-1.55842 -0.509538 0 
-1.55312 -0.521327 0 
-1.54769 -0.533074 0 
-1.54214 -0.544778 0 
-1.53646 -0.556437 0 
-1.53066 -0.568052 0 
-1.52473 -0.579619 0 
-1.51868 -0.59114 0 
-1.5125 -0.602612 0 
-1.5062 -0.614034 0 
-1.49977 -0.625406 0 
-1.49322 -0.636726 0 
-1.48654 -0.647993 0 
-1.47974 -0.659206 0 
-1.47282 -0.670363 0 
-1.46578 -0.681465 0 
-1.45861 -0.692509 0 
-1.45131 -0.703495 0 
-1.4439 -0.714422 0 
-1.43636 -0.725287 0 
-1.4287 -0.736091 0 
-1.42092 -0.746832 0 
-1.41301 -0.757508 0 
-1.40499 -0.768119 0 
-1.39684 -0.778664 0 
-1.38857 -0.789141 0 
-1.38018 -0.79955 0 
-1.37167 -0.809888 0 
-1.36303 -0.820155 0 
-1.35428 -0.83035 0 
-1.34541 -0.840471 0 
-1.33642 -0.850517 0 
-1.3273 -0.860487 0 
-1.31807 -0.870381 0 
-1.30872 -0.880195 0 
-1.29926 -0.88993 0 
-1.28967 -0.899584 0 
-1.27996 -0.909156 0 
-1.27014 -0.918644 0 
-1.2602 -0.928047 0 
-1.25015 -0.937365 0 
-1.23998 -0.946595 0 
-1.22969 -0.955736 0 
-1.21928 -0.964788 0 
-1.20876 -0.973749 0 
-1.19813 -0.982616 0 
-1.18738 -0.991391 0 
-1.17652 -1.00007 0 
-1.16554 -1.00865 0 
-1.15445 -1.01714 0 
-1.14325 -1.02552 0 
-1.13194 -1.03381 0 
-1.12051 -1.04199 0 
-1.10898 -1.05007 0 
-1.09733 -1.05804 0 
-1.08557 -1.06591 0 
-1.07371 -1.07367 0 
-1.06173 -1.08133 0 
-1.04965 -1.08887 0 
-1.03745 -1.0963 0 
-1.02516 -1.10361 0 
-1.01275 -1.11082 0 
-1.00024 -1.1179 0 
-0.987621 -1.12487 0 
-0.9749 -1.13172 0 
-0.962074 -1.13845 0 
-0.949146 -1.14505 0 
-0.936114 -1.15153 0 
-0.922981 -1.15789 0 
-0.909747 -1.16412 0 
-0.896413 -1.17022 0 
-0.88298 -1.1762 0 
-0.869447 -1.18204 0 
-0.855817 -1.18775 0 
-0.84209 -1.19332 0 
-0.828267 -1.19876 0 
-0.814349 -1.20406 0 
-0.800337 -1.20922 0 
-0.786231 -1.21424 0 
-0.772034 -1.21911 0 
-0.757744 -1.22385 0 
-0.743365 -1.22843 0 
-0.728896 -1.23287 0 
-0.71434 -1.23716 0 
-0.699696 -1.2413 0 
-0.684966 -1.24529 0 
-0.670151 -1.24912 0 
-0.655253 -1.2528 0 
-0.640273 -1.25632 0 
-0.625211 -1.25968 0 
-0.61007 -1.26288 0 
-0.59485 -1.26592 0 
-0.579552 -1.26879 0 
-0.564179 -1.2715 0 
-0.548731 -1.27404 0 
-0.533211 -1.27641 0 
-0.517618 -1.2786 0 
-0.501956 -1.28063 0 
-0.486225 -1.28248 0 
-0.470427 -1.28415 0 
-0.454564 -1.28565 0 
-0.438637 -1.28696 0 
-0.422649 -1.28809 0 
-0.406599 -1.28904 0 
-0.390492 -1.28981 0 
-0.374327 -1.29038 0 
-0.358108 -1.29077 0 
-0.341836 -1.29097 0 
-0.325513 -1.29097 0 
-0.309141 -1.29078 0 
-0.292722 -1.29039 0 
-0.276258 -1.28981 0 
-0.259751 -1.28903 0 
-0.243204 -1.28804 0 
-0.226619 -1.28685 0 
-0.209997 -1.28546 0 
-0.193341 -1.28386 0 
-0.176654 -1.28205 0 
-0.159939 -1.28003 0 
-0.143196 -1.2778 0 
-0.12643 -1.27536 0 
-0.109642 -1.2727 0 
-0.0928362 -1.26982 0 
-0.076014 -1.26672 0 
-0.0591786 -1.26341 0 
-0.0423327 -1.25987 0 
-0.0254794 -1.25611 0 
-0.00862151 -1.25212 0 
0.00823793 -1.24791 0 
0.0250959 -1.24347 0 
0.0419492 -1.2388 0 
0.0587946 -1.2339 0 
0.075629 -1.22877 0 
0.092449 -1.2234 0 
0.109251 -1.2178 0 
0.126032 -1.21196 0 
0.142788 -1.20588 0 
0.159516 -1.19956 0 
0.176212 -1.193 0 
0.192872 -1.1862 0 
0.209493 -1.17916 0 
0.22607 -1.17187 0 
0.2426 -1.16434 0 
0.259079 -1.15657 0 
0.275502 -1.14854 0 
0.291867 -1.14027 0 
0.308167 -1.13175 0 
0.3244 -1.12298 0 
0.34056 -1.11396 0 
0.356644 -1.10469 0 
0.372647 -1.09517 0 
0.388564 -1.0854 0 
0.404392 -1.07538 0 
0.420124 -1.0651 0 
0.435757 -1.05458 0 
0.451286 -1.0438 0 
0.466706 -1.03277 0 
0.482012 -1.02148 0 
0.497199 -1.00995 0 
0.512262 -0.998159 0 
0.527196 -0.986121 0 
0.541997 -0.973832 0 
0.556658 -0.961293 0 
0.571175 -0.948505 0 
0.585542 -0.935469 0 
0.599755 -0.922186 0 
0.613807 -0.908656 0 
0.627695 -0.894882 0 
0.641411 -0.880864 0 
0.654951 -0.866604 0 
0.66831 -0.852104 0 
0.681482 -0.837365 0 
0.694461 -0.822391 0 
0.707242 -0.807182 0 
0.71982 -0.79174 0 
0.73219 -0.77607 0 
0.744345 -0.760172 0 
0.75628 -0.74405 0 
0.767991 -0.727707 0 
0.779471 -0.711145 0 
0.790715 -0.694368 0 
0.801719 -0.67738 0 
0.812476 -0.660183 0 
0.822981 -0.642782 0 
0.83323 -0.62518 0 
0.843216 -0.607382 0 
0.852936 -0.589392 0 
0.862384 -0.571214 0 
0.871554 -0.552852 0 
