1 0 0 
0.999822 0.0188485 0 
0.999289 0.0376902 0 
0.998402 0.0565186 0 
0.997159 0.0753269 0 
0.995562 0.0941084 0 
0.993611 0.112856 0 
0.991308 0.131564 0 
0.988652 0.150226 0 
0.985645 0.168834 0 
0.982287 0.187381 0 
0.978581 0.205863 0 
0.974527 0.224271 0 
0.970127 0.242599 0 
0.965382 0.260842 0 
0.960294 0.278991 0 
0.954865 0.297042 0 
0.949096 0.314987 0 
0.942991 0.33282 0 
0.93655 0.350535 0 
0.929776 0.368125 0 
0.922673 0.385584 0 
0.915241 0.402907 0 
0.907484 0.420086 0 
0.899405 0.437116 0 
0.891006 0.453991 0 
0.882291 0.470704 0 
0.873262 0.48725 0 
0.863923 0.503623 0 
0.854277 0.519818 0 
0.844328 0.535827 0 
0.834078 0.551646 0 
0.823533 0.567269 0 
0.812694 0.582691 0 
0.801567 0.597905 0 
0.790155 0.612907 0 
0.778462 0.627692 0 
0.766493 0.642253 0 
0.754251 0.656586 0 
0.741742 0.670686 0 
0.728969 0.684548 0 
0.715936 0.698166 0 
0.70265 0.711536 0 
0.689114 0.724654 0 
0.675333 0.737514 0 
0.661312 0.750112 0 
0.647056 0.762443 0 
0.63257 0.774504 0 
0.61786 0.786289 0 
0.602929 0.797795 0 
0.587785 0.809017 0 
0.572432 0.819953 0 
0.556876 0.830596 0 
0.541121 0.840945 0 
0.525175 0.850995 0 
0.509041 0.860743 0 
0.492727 0.870184 0 
0.476238 0.879317 0 
0.45958 0.888137 0 
0.442758 0.896642 0 
0.425779 0.904828 0 
0.408649 0.912692 0 
0.391374 0.920232 0 
0.373959 0.927446 0 
0.356412 0.93433 0 
0.338738 0.940881 0 
0.320944 0.947099 0 
0.303035 0.95298 0 
0.285019 0.958522 0 
0.266902 0.963724 0 
0.24869 0.968584 0 
0.230389 0.973099 0 
0.212007 0.977269 0 
0.193549 0.981091 0 
0.175023 0.984565 0 
0.156435 0.987689 0 
0.13779 0.990462 0 
0.119097 0.992883 0 
0.100362 0.994952 0 
0.0815907 0.996667 0 
0.0627906 0.998028 0 
0.0439682 0.999034 0 
0.0251302 0.999685 0 
0.00628323 0.999981 0 
-0.012566 0.999922 0 
-0.0314107 0.999507 0 
-0.0502442 0.998738 0 
-0.0690599 0.997613 0 
-0.0878511 0.996135 0 
-0.106611 0.994302 0 
-0.125333 0.992116 0 
-0.144011 0.989577 0 
-0.162637 0.986687 0 
-0.181206 0.983446 0 
-0.19971 0.979856 0 
-0.218143 0.975918 0 
-0.236499 0.971633 0 
-0.254771 0.967003 0 
-0.272952 0.962029 0 
-0.291036 0.956713 0 
-0.309017 0.951058 0 
-0.326888 0.945064 0 
-0.344643 0.938735 0 
-0.362275 0.932072 0 
-0.379779 0.925079 0 
-0.397148 0.917756 0 
-0.414375 0.910107 0 
-0.431456 0.902135 0 
-0.448383 0.893843 0 
-0.465151 0.885233 0 
-0.481754 0.876308 0 
-0.498185 0.867072 0 
-0.514439 0.857528 0 
-0.530511 0.84768 0 
-0.546394 0.83753 0 
-0.562083 0.827082 0 
-0.577573 0.816341 0 
-0.592857 0.80531 0 
-0.60793 0.793992 0 
-0.622788 0.782393 0 
-0.637424 0.770515 0 
-0.651834 0.758364 0 
-0.666012 0.745943 0 
-0.679953 0.733257 0 
-0.693653 0.720311 0 
-0.707107 0.707109 0 
-0.720309 0.693656 0 
-0.733255 0.679956 0 
-0.745941 0.666014 0 
-0.758362 0.651836 0 
-0.770513 0.637426 0 
-0.782391 0.62279 0 
-0.793991 0.607933 0 
-0.805308 0.592859 0 
-0.816339 0.577575 0 
-0.827081 0.562086 0 
-0.837528 0.546397 0 
-0.847678 0.530514 0 
-0.857527 0.514442 0 
-0.867071 0.498188 0 
-0.876307 0.481756 0 
-0.885232 0.465154 0 
-0.893842 0.448386 0 
-0.902134 0.431459 0 
-0.910106 0.414379 0 
-0.917755 0.397151 0 
-0.925078 0.379782 0 
-0.932072 0.362278 0 
-0.938735 0.344646 0 
-0.945064 0.326891 0 
-0.951057 0.30902 0 
-0.956713 0.291039 0 
-0.962029 0.272955 0 
-0.967002 0.254774 0 
-0.971633 0.236502 0 
-0.975918 0.218147 0 
-0.979856 0.199713 0 
-0.983446 0.181209 0 
-0.986687 0.162641 0 
-0.989577 0.144014 0 
-0.992116 0.125337 0 
-0.994302 0.106615 0 
-0.996135 0.0878548 0 
-0.997614 0.0690637 0 
-0.998739 0.050248 0 
-0.999508 0.0314144 0 
-0.999923 0.0125697 0 
-0.999982 -0.00627942 0 
-0.999686 -0.0251263 0 
-0.999035 -0.0439643 0 
-0.998029 -0.0627867 0 
-0.996668 -0.0815868 0 
-0.994953 -0.100358 0 
-0.992885 -0.119093 0 
-0.990464 -0.137786 0 
-0.987691 -0.156431 0 
-0.984567 -0.175019 0 
-0.981093 -0.193546 0 
-0.977271 -0.212003 0 
-0.973101 -0.230386 0 
-0.968586 -0.248686 0 
-0.963727 -0.266898 0 
-0.958525 -0.285015 0 
-0.952982 -0.303031 0 
-0.947101 -0.32094 0 
-0.940884 -0.338734 0 
-0.934332 -0.356408 0 
-0.927449 -0.373955 0 
-0.920235 -0.39137 0 
-0.912695 -0.408645 0 
-0.904831 -0.425775 0 
-0.896645 -0.442754 0 
-0.88814 -0.459576 0 
-0.87932 -0.476234 0 
-0.870188 -0.492724 0 
-0.860746 -0.509038 0 
-0.850999 -0.525171 0 
-0.840949 -0.541118 0 
-0.8306 -0.556872 0 
-0.819957 -0.572429 0 
-0.809022 -0.587782 0 
-0.797799 -0.602926 0 
-0.786293 -0.617856 0 
-0.774508 -0.632567 0 
-0.762447 -0.647053 0 
-0.750116 -0.661309 0 
-0.737518 -0.67533 0 
-0.724658 -0.689111 0 
-0.711541 -0.702647 0 
-0.698171 -0.715933 0 
-0.684552 -0.728966 0 
-0.670691 -0.741739 0 
-0.656591 -0.754249 0 
-0.642258 -0.76649 0 
-0.627697 -0.77846 0 
-0.612913 -0.790152 0 
-0.597911 -0.801564 0 
-0.582696 -0.812692 0 
-0.567275 -0.82353 0 
-0.551652 -0.834076 0 
-0.535833 -0.844326 0 
-0.519824 -0.854275 0 
-0.503629 -0.863921 0 
-0.487256 -0.87326 0 
-0.47071 -0.882289 0 
-0.453997 -0.891005 0 
-0.437122 -0.899403 0 
-0.420092 -0.907483 0 
-0.402913 -0.91524 0 
-0.385591 -0.922671 0 
-0.368131 -0.929775 0 
-0.350541 -0.936549 0 
-0.332826 -0.942989 0 
-0.314993 -0.949095 0 
-0.297049 -0.954864 0 
-0.278998 -0.960293 0 
-0.260849 -0.965381 0 
-0.242606 -0.970126 0 
-0.224278 -0.974526 0 
-0.20587 -0.97858 0 
-0.187388 -0.982287 0 
-0.168841 -0.985644 0 
-0.150233 -0.988652 0 
-0.131572 -0.991308 0 
-0.112864 -0.993611 0 
-0.0941156 -0.995562 0 
-0.0753341 -0.997159 0 
-0.0565259 -0.998402 0 
-0.0376975 -0.99929 0 
-0.0188558 -0.999823 0 
-7.35765e-06 -1 0 
0.0188411 -0.999823 0 
0.0376828 -0.999291 0 
0.0565112 -0.998403 0 
0.0753194 -0.99716 0 
0.094101 -0.995563 0 
0.112849 -0.993613 0 
0.131557 -0.991309 0 
0.150218 -0.988654 0 
0.168826 -0.985647 0 
0.187374 -0.982289 0 
0.205855 -0.978583 0 
0.224264 -0.974529 0 
0.242592 -0.970129 0 
0.260834 -0.965384 0 
0.278984 -0.960296 0 
0.297034 -0.954867 0 
0.314979 -0.949099 0 
0.332813 -0.942994 0 
0.350527 -0.936553 0 
0.368118 -0.92978 0 
0.385577 -0.922676 0 
0.4029 -0.915245 0 
0.420079 -0.907488 0 
0.437109 -0.899409 0 
0.453984 -0.89101 0 
0.470697 -0.882295 0 
0.487244 -0.873267 0 
0.503617 -0.863928 0 
0.519811 -0.854282 0 
0.53582 -0.844332 0 
0.55164 -0.834083 0 
0.567263 -0.823537 0 
0.582684 -0.812699 0 
0.597899 -0.801572 0 
0.612901 -0.79016 0 
0.627686 -0.778467 0 
0.642247 -0.766498 0 
0.65658 -0.754257 0 
0.67068 -0.741747 0 
0.684542 -0.728974 0 
0.69816 -0.715942 0 
0.71153 -0.702656 0 
0.724648 -0.68912 0 
0.737508 -0.675339 0 
0.750106 -0.661318 0 
0.762438 -0.647062 0 
0.774498 -0.632576 0 
0.786284 -0.617866 0 
0.79779 -0.602936 0 
0.809013 -0.587792 0 
0.819948 -0.572439 0 
0.830592 -0.556882 0 
0.840941 -0.541128 0 
0.850991 -0.525181 0 
0.860738 -0.509048 0 
0.87018 -0.492734 0 
0.879313 -0.476245 0 
0.888133 -0.459587 0 
0.896638 -0.442765 0 
0.904824 -0.425786 0 
0.912689 -0.408656 0 
0.920229 -0.391381 0 
0.927442 -0.373966 0 
0.934326 -0.356419 0 
0.940878 -0.338745 0 
0.947096 -0.320951 0 
0.952977 -0.303043 0 
0.95852 -0.285027 0 
0.963722 -0.266909 0 
0.968581 -0.248697 0 
0.973097 -0.230397 0 
0.977267 -0.212015 0 
0.981089 -0.193557 0 
0.984563 -0.17503 0 
0.987687 -0.156442 0 
0.99046 -0.137798 0 
0.992882 -0.119105 0 
0.99495 -0.100369 0 
0.996665 -0.0815981 0 
0.998026 -0.062798 0 
0.999033 -0.0439756 0 
0.999684 -0.0251375 0 
0.99998 -0.00629059 0 
0.999921 0.0125586 0 
0.999507 0.0314033 0 
0.998737 0.0502369 0 
0.997613 0.0690526 0 
0.996134 0.0878438 0 
0.994302 0.106604 0 
0.992116 0.125326 0 
0.989577 0.144004 0 
0.986687 0.16263 0 
0.983447 0.181199 0 
0.979857 0.199703 0 
0.975918 0.218136 0 
0.971633 0.236492 0 
0.967003 0.254764 0 
0.96203 0.272945 0 
0.956714 0.291029 0 
0.951059 0.30901 0 
0.945065 0.326881 0 
0.938736 0.344636 0 
0.932074 0.362269 0 
0.92508 0.379772 0 
0.917758 0.397141 0 
0.910109 0.414369 0 
0.902137 0.43145 0 
0.893845 0.448377 0 
0.885235 0.465145 0 
0.87631 0.481747 0 
0.867074 0.498179 0 
0.85753 0.514433 0 
0.847682 0.530505 0 
0.837532 0.546388 0 
0.827085 0.562078 0 
0.816344 0.577567 0 
0.805312 0.592851 0 
0.793995 0.607925 0 
0.782395 0.622782 0 
0.770518 0.637419 0 
0.758367 0.651828 0 
0.745946 0.666007 0 
0.73326 0.679948 0 
0.720314 0.693648 0 
0.707112 0.707102 0 
0.693659 0.720304 0 
0.679959 0.733251 0 
0.666017 0.745937 0 
0.651839 0.758358 0 
0.63743 0.770509 0 
0.622794 0.782387 0 
0.607936 0.793986 0 
0.592863 0.805304 0 
0.577579 0.816335 0 
0.562089 0.827077 0 
0.546401 0.837524 0 
0.530517 0.847675 0 
0.514446 0.857523 0 
0.498192 0.867068 0 
0.48176 0.876304 0 
0.465158 0.885228 0 
0.44839 0.893839 0 
0.431463 0.902131 0 
0.414382 0.910103 0 
0.397155 0.917752 0 
0.379786 0.925075 0 
0.362282 0.932069 0 
0.34465 0.938732 0 
0.326895 0.945061 0 
0.309024 0.951055 0 
0.291043 0.956711 0 
0.272959 0.962026 0 
0.254778 0.967 0 
0.236506 0.971631 0 
0.218151 0.975916 0 
0.199717 0.979854 0 
0.181213 0.983445 0 
0.162645 0.986685 0 
0.144018 0.989576 0 
0.125341 0.992115 0 
0.106619 0.994301 0 
0.0878587 0.996134 0 
0.0690675 0.997613 0 
0.0502518 0.998737 0 
0.0314183 0.999507 0 
0.0125736 0.999922 0 
-0.00627562 0.999981 0 
-0.0251226 0.999685 0 
-0.0439606 0.999034 0 
-0.062783 0.998028 0 
-0.0815831 0.996668 0 
-0.100354 0.994953 0 
-0.11909 0.992885 0 
-0.137783 0.990463 0 
-0.156427 0.987691 0 
-0.175016 0.984567 0 
-0.193542 0.981093 0 
-0.212 0.977271 0 
-0.230382 0.973101 0 
-0.248683 0.968586 0 
-0.266895 0.963727 0 
-0.285012 0.958525 0 
-0.303028 0.952983 0 
-0.320936 0.947102 0 
-0.338731 0.940885 0 
-0.356405 0.934333 0 
-0.373952 0.927449 0 
-0.391367 0.920236 0 
-0.408642 0.912696 0 
-0.425772 0.904832 0 
-0.442751 0.896646 0 
-0.459573 0.888141 0 
-0.476232 0.879321 0 
-0.492721 0.870189 0 
-0.509035 0.860747 0 
-0.525168 0.851 0 
-0.541115 0.84095 0 
-0.556869 0.830602 0 
-0.572426 0.819958 0 
-0.587779 0.809023 0 
-0.602923 0.797801 0 
-0.617854 0.786295 0 
-0.632564 0.77451 0 
-0.64705 0.762449 0 
-0.661306 0.750118 0 
-0.675327 0.73752 0 
-0.689108 0.72466 0 
-0.702645 0.711543 0 
-0.715931 0.698173 0 
-0.728964 0.684555 0 
-0.741737 0.670693 0 
-0.754247 0.656594 0 
-0.766488 0.642261 0 
-0.778458 0.6277 0 
-0.790151 0.612915 0 
-0.801563 0.597913 0 
-0.81269 0.582699 0 
-0.823529 0.567278 0 
-0.834075 0.551655 0 
-0.844324 0.535836 0 
-0.854274 0.519826 0 
-0.86392 0.503632 0 
-0.873259 0.487259 0 
-0.882288 0.470713 0 
-0.891004 0.454 0 
-0.899402 0.437125 0 
-0.907482 0.420095 0 
-0.915239 0.402916 0 
-0.92267 0.385594 0 
-0.929774 0.368135 0 
-0.936548 0.350544 0 
-0.942989 0.33283 0 
-0.949095 0.314997 0 
-0.954863 0.297052 0 
-0.960292 0.279002 0 
-0.965381 0.260852 0 
-0.970126 0.24261 0 
-0.974526 0.224281 0 
-0.97858 0.205873 0 
-0.982287 0.187392 0 
-0.985645 0.168844 0 
-0.988652 0.150236 0 
-0.991308 0.131575 0 
-0.993612 0.112867 0 
-0.995563 0.0941193 0 
-0.99716 0.0753378 0 
-0.998403 0.0565296 0 
-0.999291 0.0377013 0 
-0.999824 0.0188596 0 
-1 1.11623e-05 0 
-0.999824 -0.0188373 0 
-0.999292 -0.037679 0 
-0.998404 -0.0565073 0 
-0.997162 -0.0753156 0 
-0.995565 -0.0940971 0 
-0.993614 -0.112845 0 
-0.991311 -0.131553 0 
-0.988655 -0.150214 0 
-0.985648 -0.168822 0 
-0.982291 -0.18737 0 
-0.978585 -0.205851 0 
-0.974531 -0.22426 0 
-0.970131 -0.242588 0 
-0.965386 -0.26083 0 
-0.960299 -0.27898 0 
-0.95487 -0.297031 0 
-0.949102 -0.314976 0 
-0.942996 -0.332809 0 
-0.936556 -0.350523 0 
-0.929783 -0.368114 0 
-0.922679 -0.385573 0 
-0.915248 -0.402896 0 
-0.907491 -0.420075 0 
-0.899412 -0.437105 0 
-0.891014 -0.45398 0 
-0.882299 -0.470694 0 
-0.87327 -0.48724 0 
-0.863931 -0.503613 0 
-0.854285 -0.519807 0 
-0.844336 -0.535817 0 
-0.834087 -0.551636 0 
-0.823541 -0.567259 0 
-0.812703 -0.582681 0 
-0.801576 -0.597896 0 
-0.790164 -0.612898 0 
-0.778472 -0.627682 0 
-0.766503 -0.642244 0 
-0.754261 -0.656577 0 
-0.741752 -0.670677 0 
-0.728979 -0.684538 0 
-0.715947 -0.698157 0 
-0.702661 -0.711527 0 
-0.689125 -0.724645 0 
-0.675344 -0.737505 0 
-0.661323 -0.750103 0 
-0.647067 -0.762435 0 
-0.632582 -0.774496 0 
-0.617871 -0.786281 0 
-0.602941 -0.797787 0 
-0.587797 -0.80901 0 
-0.572444 -0.819945 0 
-0.556888 -0.830589 0 
-0.541134 -0.840938 0 
-0.525187 -0.850988 0 
-0.509054 -0.860736 0 
-0.49274 -0.870178 0 
-0.476251 -0.879311 0 
-0.459593 -0.888131 0 
-0.442771 -0.896636 0 
-0.425793 -0.904822 0 
-0.408662 -0.912687 0 
-0.391387 -0.920227 0 
-0.373973 -0.927441 0 
-0.356426 -0.934325 0 
-0.338752 -0.940877 0 
-0.320958 -0.947095 0 
-0.303049 -0.952976 0 
-0.285033 -0.958519 0 
-0.266916 -0.963721 0 
-0.248704 -0.968581 0 
-0.230404 -0.973096 0 
-0.212022 -0.977266 0 
-0.193564 -0.981089 0 
-0.175038 -0.984563 0 
-0.156449 -0.987687 0 
-0.137805 -0.99046 0 
-0.119112 -0.992882 0 
-0.100376 -0.994951 0 
-0.0816053 -0.996666 0 
-0.0628053 -0.998027 0 
-0.0439829 -0.999033 0 
-0.0251449 -0.999685 0 
-0.00629794 -0.999981 0 
0.0125512 -0.999922 0 
0.031396 -0.999508 0 
0.0502295 -0.998739 0 
0.0690452 -0.997614 0 
0.0878364 -0.996136 0 
0.106596 -0.994303 0 
0.125319 -0.992117 0 
0.143996 -0.989579 0 
0.162623 -0.986689 0 
0.181191 -0.983449 0 
0.199695 -0.979859 0 
0.218129 -0.975921 0 
0.236485 -0.971636 0 
0.254756 -0.967006 0 
0.272938 -0.962032 0 
0.291022 -0.956717 0 
0.309003 -0.951062 0 
0.326874 -0.945069 0 
0.344629 -0.93874 0 
0.362261 -0.932077 0 
0.379765 -0.925083 0 
0.397134 -0.917761 0 
0.414362 -0.910113 0 
0.431443 -0.902141 0 
0.44837 -0.893849 0 
0.465138 -0.885239 0 
0.481741 -0.876314 0 
0.498172 -0.867079 0 
0.514427 -0.857535 0 
0.530499 -0.847686 0 
0.546382 -0.837537 0 
0.562071 -0.827089 0 
0.577561 -0.816348 0 
0.592845 -0.805317 0 
0.607918 -0.794 0 
0.622776 -0.782401 0 
0.637412 -0.770523 0 
0.651822 -0.758372 0 
0.666001 -0.745951 0 
0.679942 -0.733266 0 
0.693643 -0.72032 0 
0.707096 -0.707118 0 
0.720299 -0.693664 0 
0.733245 -0.679965 0 
0.745931 -0.666023 0 
0.758352 -0.651845 0 
0.770504 -0.637436 0 
0.782381 -0.6228 0 
0.793981 -0.607942 0 
0.805299 -0.592869 0 
0.816331 -0.577585 0 
0.827072 -0.562096 0 
0.83752 -0.546407 0 
0.84767 -0.530524 0 
0.857519 -0.514453 0 
0.867063 -0.498198 0 
0.876299 -0.481767 0 
0.885224 -0.465165 0 
0.893835 -0.448397 0 
0.902128 -0.43147 0 
0.9101 -0.414389 0 
0.917749 -0.397162 0 
0.925072 -0.379793 0 
0.932066 -0.362289 0 
0.938729 -0.344657 0 
0.945058 -0.326902 0 
0.951052 -0.309031 0 
0.956708 -0.291051 0 
0.962024 -0.272966 0 
0.966998 -0.254785 0 
0.971628 -0.236514 0 
0.975914 -0.218158 0 
0.979852 -0.199725 0 
0.983443 -0.181221 0 
0.986684 -0.162652 0 
0.989574 -0.144026 0 
0.992113 -0.125348 0 
0.994299 -0.106626 0 
0.996132 -0.0878661 0 
0.997611 -0.0690749 0 
0.998736 -0.0502592 0 
0.999506 -0.0314257 0 
0.999921 -0.0125809 0 
0.99998 0.00626826 0 
0.999685 0.0251152 0 
0.999034 0.0439533 0 
0.998028 0.0627757 0 
0.996667 0.0815758 0 
0.994953 0.100347 0 
0.992884 0.119082 0 
0.990463 0.137776 0 
0.987691 0.15642 0 
0.984567 0.175009 0 
0.981093 0.193535 0 
0.977271 0.211993 0 
0.973102 0.230375 0 
0.968587 0.248676 0 
0.963728 0.266888 0 
0.958526 0.285005 0 
0.952984 0.303021 0 
0.947103 0.32093 0 
0.940886 0.338724 0 
0.934334 0.356398 0 
0.927451 0.373946 0 
0.920238 0.39136 0 
0.912698 0.408636 0 
0.904833 0.425766 0 
0.896648 0.442745 0 
0.888143 0.459567 0 
0.879323 0.476225 0 
0.870191 0.492715 0 
0.86075 0.509029 0 
0.851002 0.525162 0 
0.840953 0.541109 0 
0.830604 0.556864 0 
0.819961 0.57242 0 
0.809026 0.587774 0 
0.797803 0.602918 0 
0.786298 0.617848 0 
0.774512 0.632559 0 
0.762452 0.647045 0 
0.750121 0.661301 0 
0.737523 0.675322 0 
0.724663 0.689103 0 
0.711546 0.70264 0 
0.698176 0.715927 0 
0.684558 0.728959 0 
0.670697 0.741732 0 
0.656597 0.754242 0 
0.642264 0.766484 0 
0.627703 0.778453 0 
0.612919 0.790146 0 
0.597917 0.801559 0 
0.582703 0.812686 0 
0.567281 0.823525 0 
0.551658 0.834071 0 
0.535839 0.84432 0 
0.51983 0.85427 0 
0.503636 0.863916 0 
0.487263 0.873256 0 
0.470717 0.882285 0 
0.454004 0.891 0 
0.437129 0.899399 0 
0.420099 0.907479 0 
0.40292 0.915236 0 
0.385598 0.922668 0 
0.368138 0.929772 0 
0.350548 0.936545 0 
0.332834 0.942986 0 
0.315001 0.949092 0 
0.297056 0.954861 0 
0.279005 0.96029 0 
0.260856 0.965378 0 
0.242614 0.970124 0 
0.224285 0.974524 0 
0.205877 0.978579 0 
0.187396 0.982285 0 
0.168848 0.985643 0 
0.15024 0.98865 0 
0.131579 0.991306 0 
0.112871 0.99361 0 
0.0941232 0.995561 0 
0.0753417 0.997159 0 
0.0565335 0.998402 0 
0.0377051 0.99929 0 
0.0188634 0.999823 0 
1.49668e-05 1 0 
-0.0188335 0.999824 0 
-0.0376752 0.999291 0 
-0.0565036 0.998403 0 
-0.0753119 0.997161 0 
-0.0940934 0.995564 0 
-0.112841 0.993614 0 
-0.131549 0.991311 0 
-0.150211 0.988655 0 
-0.168819 0.985648 0 
-0.187367 0.982291 0 
-0.205848 0.978585 0 
-0.224256 0.974531 0 
-0.242585 0.970131 0 
-0.260827 0.965387 0 
-0.278977 0.960299 0 
-0.297027 0.95487 0 
-0.314972 0.949102 0 
-0.332805 0.942997 0 
-0.35052 0.936556 0 
-0.368111 0.929783 0 
-0.38557 0.92268 0 
-0.402893 0.915249 0 
-0.420072 0.907492 0 
-0.437102 0.899413 0 
-0.453977 0.891015 0 
-0.470691 0.8823 0 
-0.487237 0.873271 0 
-0.50361 0.863933 0 
-0.519804 0.854287 0 
-0.535814 0.844338 0 
-0.551633 0.834088 0 
-0.567257 0.823543 0 
-0.582678 0.812705 0 
-0.597893 0.801578 0 
-0.612895 0.790166 0 
-0.62768 0.778474 0 
-0.642241 0.766505 0 
-0.656574 0.754263 0 
-0.670674 0.741754 0 
-0.684536 0.728981 0 
-0.698155 0.715949 0 
-0.711525 0.702663 0 
-0.724643 0.689127 0 
-0.737503 0.675346 0 
-0.750101 0.661325 0 
-0.762433 0.64707 0 
-0.774494 0.632584 0 
-0.786279 0.617874 0 
-0.797786 0.602944 0 
-0.809008 0.5878 0 
-0.819944 0.572447 0 
-0.830588 0.556891 0 
-0.840937 0.541136 0 
-0.850987 0.52519 0 
-0.860735 0.509057 0 
-0.870177 0.492743 0 
-0.87931 0.476254 0 
-0.88813 0.459596 0 
-0.896635 0.442774 0 
-0.904821 0.425796 0 
-0.912686 0.408666 0 
-0.920227 0.39139 0 
-0.92744 0.373976 0 
-0.934324 0.356429 0 
-0.940876 0.338755 0 
-0.947094 0.320961 0 
-0.952976 0.303053 0 
-0.958518 0.285037 0 
-0.963721 0.26692 0 
-0.96858 0.248708 0 
-0.973096 0.230407 0 
-0.977266 0.212025 0 
-0.981089 0.193567 0 
-0.984563 0.175041 0 
-0.987687 0.156453 0 
-0.990461 0.137809 0 
-0.992882 0.119115 0 
-0.994951 0.10038 0 
-0.996666 0.0816091 0 
-0.998027 0.062809 0 
-0.999034 0.0439867 0 
-0.999685 0.0251487 0 
-0.999982 0.00630174 0 
-0.999923 -0.0125474 0 
-0.999509 -0.0313921 0 
-0.99874 -0.0502257 0 
-0.997616 -0.0690414 0 
-0.996137 -0.0878326 0 
-0.994305 -0.106593 0 
-0.992119 -0.125315 0 
-0.989581 -0.143992 0 
-0.986691 -0.162619 0 
-0.98345 -0.181187 0 
-0.979861 -0.199692 0 
-0.975923 -0.218125 0 
-0.971638 -0.236481 0 
-0.967008 -0.254752 0 
-0.962035 -0.272934 0 
-0.956719 -0.291018 0 
-0.951064 -0.308999 0 
-0.945071 -0.32687 0 
-0.938742 -0.344625 0 
-0.93208 -0.362258 0 
-0.925086 -0.379761 0 
-0.917764 -0.39713 0 
-0.910116 -0.414358 0 
-0.902144 -0.431439 0 
-0.893852 -0.448366 0 
-0.885242 -0.465134 0 
-0.876318 -0.481737 0 
-0.867082 -0.498168 0 
-0.857538 -0.514423 0 
-0.84769 -0.530495 0 
-0.83754 -0.546378 0 
-0.827093 -0.562067 0 
-0.816352 -0.577557 0 
-0.805321 -0.592841 0 
-0.794004 -0.607915 0 
-0.782405 -0.622773 0 
-0.770528 -0.637409 0 
-0.758377 -0.651819 0 
-0.745956 -0.665997 0 
-0.733271 -0.679939 0 
-0.720325 -0.693639 0 
-0.707123 -0.707093 0 
-0.693669 -0.720296 0 
-0.67997 -0.733242 0 
-0.666028 -0.745928 0 
-0.651851 -0.758349 0 
-0.637441 -0.770501 0 
-0.622805 -0.782379 0 
-0.607948 -0.793979 0 
-0.592875 -0.805296 0 
-0.577591 -0.816328 0 
-0.562102 -0.82707 0 
-0.546413 -0.837518 0 
-0.53053 -0.847668 0 
-0.514459 -0.857517 0 
-0.498204 -0.867061 0 
-0.481773 -0.876298 0 
-0.465171 -0.885222 0 
-0.448403 -0.893833 0 
-0.431476 -0.902126 0 
-0.414396 -0.910098 0 
-0.397168 -0.917747 0 
-0.3798 -0.92507 0 
-0.362296 -0.932064 0 
-0.344664 -0.938727 0 
-0.326909 -0.945057 0 
-0.309038 -0.951051 0 
-0.291057 -0.956707 0 
-0.272973 -0.962023 0 
-0.254792 -0.966997 0 
-0.236521 -0.971628 0 
-0.218165 -0.975913 0 
-0.199732 -0.979852 0 
-0.181228 -0.983442 0 
-0.162659 -0.986683 0 
-0.144033 -0.989574 0 
-0.125355 -0.992113 0 
-0.106633 -0.994299 0 
-0.0878733 -0.996133 0 
-0.0690822 -0.997612 0 
-0.0502665 -0.998737 0 
-0.031433 -0.999507 0 
-0.0125883 -0.999922 0 
0.0062609 -0.999981 0 
0.0251079 -0.999686 0 
0.0439459 -0.999035 0 
0.0627683 -0.998029 0 
0.0815684 -0.996669 0 
0.10034 -0.994954 0 
0.119075 -0.992886 0 
0.137768 -0.990465 0 
0.156412 -0.987693 0 
0.175001 -0.984569 0 
0.193528 -0.981096 0 
0.211985 -0.977274 0 
0.230368 -0.973104 0 
0.248668 -0.968589 0 
0.26688 -0.96373 0 
0.284998 -0.958529 0 
0.303014 -0.952987 0 
0.320922 -0.947106 0 
0.338717 -0.940889 0 
0.356391 -0.934338 0 
0.373938 -0.927454 0 
0.391353 -0.920241 0 
0.408629 -0.912701 0 
0.425759 -0.904837 0 
0.442738 -0.896651 0 
0.45956 -0.888147 0 
0.476219 -0.879327 0 
0.492708 -0.870195 0 
0.509022 -0.860754 0 
0.525156 -0.851007 0 
0.541102 -0.840957 0 
0.556857 -0.830609 0 
0.572414 -0.819965 0 
0.587767 -0.809031 0 
0.602912 -0.797808 0 
0.617842 -0.786303 0 
0.632553 -0.774518 0 
0.647039 -0.762457 0 
0.661295 -0.750126 0 
0.675316 -0.737529 0 
0.689098 -0.724669 0 
0.702634 -0.711552 0 
0.715921 -0.698182 0 
0.728953 -0.684564 0 
0.741727 -0.670703 0 
0.754237 -0.656603 0 
0.766479 -0.64227 0 
0.778448 -0.627709 0 
0.790141 -0.612925 0 
0.801554 -0.597923 0 
0.812681 -0.582709 0 
0.82352 -0.567288 0 
0.834066 -0.551665 0 
0.844316 -0.535846 0 
0.854266 -0.519837 0 
0.863912 -0.503643 0 
0.873252 -0.48727 0 
0.882281 -0.470724 0 
0.890996 -0.454011 0 
0.899395 -0.437136 0 
0.907475 -0.420106 0 
0.915232 -0.402927 0 
0.922664 -0.385605 0 
0.929768 -0.368146 0 
0.936542 -0.350555 0 
0.942983 -0.332841 0 
0.949089 -0.315008 0 
0.954858 -0.297063 0 
0.960287 -0.279013 0 
0.965376 -0.260863 0 
0.970121 -0.242621 0 
0.974522 -0.224293 0 
0.978576 -0.205885 0 
0.982283 -0.187403 0 
0.985641 -0.168856 0 
0.988648 -0.150248 0 
0.991305 -0.131587 0 
0.993609 -0.112879 0 
0.99556 -0.0941306 0 
0.997157 -0.0753491 0 
0.9984 -0.0565409 0 
0.999289 -0.0377125 0 
0.999822 -0.0188708 0 
