1 0 0 
0.999822 0.0230845 0 
0.99929 0.0461609 0 
0.998402 0.0692209 0 
0.997161 0.0922563 0 
0.995567 0.115259 0 
0.993621 0.138221 0 
0.991326 0.161135 0 
0.988684 0.183992 0 
0.985696 0.206784 0 
0.982365 0.229505 0 
0.978694 0.252147 0 
0.974686 0.274701 0 
0.970345 0.297162 0 
0.965674 0.319522 0 
0.960677 0.341773 0 
0.955358 0.363911 0 
0.949722 0.385927 0 
0.943772 0.407816 0 
0.937513 0.429571 0 
0.930951 0.451188 0 
0.92409 0.47266 0 
0.916936 0.493981 0 
0.909493 0.515148 0 
0.901767 0.536154 0 
0.893764 0.556995 0 
0.885489 0.577666 0 
0.876948 0.598164 0 
0.868146 0.618485 0 
0.85909 0.638623 0 
0.849784 0.658577 0 
0.840236 0.678343 0 
0.830451 0.697917 0 
0.820434 0.717297 0 
0.810192 0.73648 0 
0.799731 0.755464 0 
0.789057 0.774246 0 
0.778175 0.792825 0 
0.767091 0.811198 0 
0.755812 0.829364 0 
0.744342 0.847322 0 
0.732688 0.865069 0 
0.720855 0.882606 0 
0.70885 0.899931 0 
0.696676 0.917043 0 
0.684341 0.933942 0 
0.671849 0.950627 0 
0.659206 0.967098 0 
0.646416 0.983354 0 
0.633486 0.999396 0 
0.62042 1.01522 0 
0.607223 1.03084 0 
0.5939 1.04624 0 
0.580455 1.06142 0 
0.566894 1.0764 0 
0.553222 1.09116 0 
0.539442 1.10571 0 
0.525559 1.12005 0 
0.511577 1.13417 0 
0.497501 1.14809 0 
0.483335 1.1618 0 
0.469083 1.17531 0 
0.454748 1.18861 0 
0.440335 1.2017 0 
0.425847 1.21459 0 
0.411289 1.22727 0 
0.396663 1.23976 0 
0.381973 1.25204 0 
0.367222 1.26413 0 
0.352415 1.27602 0 
0.337553 1.28772 0 
0.32264 1.29922 0 
0.30768 1.31053 0 
0.292675 1.32164 0 
0.277628 1.33257 0 
0.262542 1.34331 0 
0.247419 1.35387 0 
0.232263 1.36424 0 
0.217075 1.37443 0 
0.201859 1.38443 0 
0.186617 1.39426 0 
0.171351 1.40391 0 
0.156063 1.41338 0 
0.140757 1.42268 0 
0.125433 1.4318 0 
0.110094 1.44075 0 
0.0947415 1.44954 0 
0.0793785 1.45815 0 
0.0640065 1.4666 0 
0.0486272 1.47489 0 
0.0332426 1.48301 0 
0.0178544 1.49097 0 
0.00246419 1.49877 0 
-0.0129262 1.50641 0 
-0.0283153 1.51389 0 
-0.0437015 1.52122 0 
-0.0590833 1.5284 0 
-0.0744593 1.53543 0 
-0.0898279 1.5423 0 
-0.105188 1.54903 0 
-0.120538 1.55561 0 
-0.135877 1.56204 0 
-0.151203 1.56833 0 
-0.166515 1.57448 0 
-0.181813 1.58048 0 
-0.197095 1.58635 0 
-0.212359 1.59208 0 
-0.227605 1.59767 0 
-0.242832 1.60313 0 
-0.258039 1.60845 0 
-0.273224 1.61365 0 
-0.288388 1.61871 0 
-0.303528 1.62364 0 
-0.318644 1.62844 0 
-0.333736 1.63312 0 
-0.348802 1.63767 0 
-0.363842 1.6421 0 
-0.378854 1.6464 0 
-0.393839 1.65058 0 
-0.408795 1.65465 0 
-0.423721 1.65859 0 
-0.438618 1.66242 0 
-0.453484 1.66613 0 
-0.468318 1.66973 0 
-0.483121 1.67321 0 
-0.497891 1.67658 0 
-0.512628 1.67984 0 
-0.527332 1.68299 0 
-0.542001 1.68603 0 
-0.556636 1.68896 0 
-0.571235 1.69178 0 
-0.585799 1.6945 0 
-0.600327 1.69712 0 
-0.614818 1.69963 0 
-0.629273 1.70204 0 
-0.643689 1.70434 0 
-0.658068 1.70655 0 
-0.672409 1.70866 0 
-0.686711 1.71067 0 
-0.700974 1.71258 0 
-0.715198 1.7144 0 
-0.729383 1.71612 0 
-0.743527 1.71775 0 
-0.757631 1.71929 0 
-0.771694 1.72073 0 
-0.785717 1.72208 0 
-0.799698 1.72334 0 
-0.813638 1.72452 0 
-0.827537 1.7256 0 
-0.841393 1.7266 0 
-0.855207 1.72751 0 
-0.868979 1.72833 0 
-0.882708 1.72907 0 
-0.896394 1.72973 0 
-0.910037 1.7303 0 
-0.923637 1.73079 0 
-0.937193 1.7312 0 
-0.950706 1.73153 0 
-0.964175 1.73177 0 
-0.9776 1.73194 0 
-0.990981 1.73204 0 
-1.00432 1.73205 0 
-1.01761 1.73199 0 
-1.03086 1.73185 0 
-1.04406 1.73163 0 
-1.05722 1.73134 0 
-1.07033 1.73098 0 
-1.0834 1.73055 0 
-1.09642 1.73004 0 
-1.1094 1.72946 0 
-1.12233 1.72881 0 
-1.13521 1.72809 0 
-1.14806 1.7273 0 
-1.16085 1.72644 0 
-1.1736 1.72552 0 
-1.1863 1.72452 0 
-1.19896 1.72346 0 
-1.21157 1.72233 0 
-1.22414 1.72114 0 
-1.23665 1.71988 0 
-1.24913 1.71856 0 
-1.26155 1.71718 0 
-1.27393 1.71573 0 
-1.28627 1.71422 0 
-1.29855 1.71265 0 
-1.31079 1.71101 0 
-1.32299 1.70932 0 
-1.33514 1.70756 0 
-1.34724 1.70575 0 
-1.35929 1.70388 0 
-1.3713 1.70194 0 
-1.38326 1.69995 0 
-1.39518 1.69791 0 
-1.40704 1.6958 0 
-1.41886 1.69364 0 
-1.43064 1.69143 0 
-1.44237 1.68915 0 
-1.45405 1.68683 0 
-1.46568 1.68445 0 
-1.47727 1.68201 0 
-1.48881 1.67953 0 
-1.5003 1.67699 0 
-1.51175 1.67439 0 
-1.52315 1.67175 0 
-1.5345 1.66905 0 
-1.54581 1.66631 0 
-1.55707 1.66351 0 
-1.56828 1.66066 0 
-1.57945 1.65777 0 
-1.59057 1.65482 0 
-1.60164 1.65183 0 
-1.61267 1.64878 0 
-1.62364 1.64569 0 
-1.63458 1.64256 0 
-1.64546 1.63937 0 
-1.6563 1.63614 0 
-1.6671 1.63287 0 
-1.67784 1.62954 0 
-1.68854 1.62617 0 
-1.69919 1.62276 0 
-1.7098 1.61931 0 
-1.72036 1.6158 0 
-1.73087 1.61226 0 
-1.74134 1.60867 0 
-1.75176 1.60504 0 
-1.76213 1.60137 0 
-1.77246 1.59765 0 
-1.78274 1.59389 0 
-1.79298 1.59009 0 
-1.80317 1.58625 0 
-1.81331 1.58237 0 
-1.82341 1.57845 0 
-1.83346 1.57449 0 
-1.84346 1.57049 0 
-1.85342 1.56645 0 
-1.86333 1.56237 0 
-1.87319 1.55826 0 
-1.88301 1.5541 0 
-1.89279 1.54991 0 
-1.90252 1.54568 0 
-1.9122 1.54141 0 
-1.92183 1.5371 0 
-1.93142 1.53276 0 
-1.94097 1.52838 0 
-1.95047 1.52397 0 
-1.95992 1.51952 0 
-1.96933 1.51503 0 
-1.97869 1.51051 0 
-1.988 1.50595 0 
-1.99727 1.50136 0 
-2.0065 1.49674 0 
-2.01568 1.49208 0 
-2.02481 1.48739 0 
-2.0339 1.48267 0 
-2.04295 1.47791 0 
-2.05194 1.47312 0 
-2.0609 1.46829 0 
-2.0698 1.46344 0 
-2.07867 1.45855 0 
-2.08748 1.45363 0 
-2.09626 1.44868 0 
-2.10498 1.4437 0 
-2.11367 1.43869 0 
-2.1223 1.43364 0 
-2.1309 1.42857 0 
-2.13945 1.42347 0 
-2.14795 1.41834 0 
-2.15641 1.41317 0 
-2.16482 1.40798 0 
-2.17319 1.40276 0 
-2.18151 1.39751 0 
-2.18979 1.39223 0 
-2.19803 1.38692 0 
-2.20622 1.38159 0 
-2.21437 1.37623 0 
-2.22247 1.37084 0 
-2.23052 1.36542 0 
-2.23854 1.35997 0 
-2.24651 1.3545 0 
-2.25443 1.34901 0 
-2.26231 1.34348 0 
-2.27015 1.33793 0 
-2.27794 1.33235 0 
-2.28569 1.32675 0 
-2.29339 1.32112 0 
-2.30105 1.31547 0 
-2.30867 1.30979 0 
-2.31624 1.30409 0 
-2.32377 1.29836 0 
-2.33126 1.29261 0 
-2.3387 1.28683 0 
-2.3461 1.28103 0 
-2.35345 1.2752 0 
-2.36076 1.26936 0 
-2.36803 1.26348 0 
-2.37525 1.25759 0 
-2.38243 1.25167 0 
-2.38957 1.24573 0 
-2.39666 1.23977 0 
-2.40371 1.23378 0 
-2.41072 1.22777 0 
-2.41768 1.22174 0 
-2.4246 1.21569 0 
-2.43147 1.20962 0 
-2.43831 1.20352 0 
-2.4451 1.19741 0 
-2.45185 1.19127 0 
-2.45855 1.18511 0 
-2.46521 1.17893 0 
-2.47183 1.17273 0 
-2.47841 1.16651 0 
-2.48494 1.16027 0 
-2.49143 1.15401 0 
-2.49788 1.14773 0 
-2.50428 1.14143 0 
-2.51064 1.13511 0 
-2.51696 1.12878 0 
-2.52324 1.12242 0 
-2.52947 1.11604 0 
-2.53566 1.10965 0 
-2.54181 1.10323 0 
-2.54792 1.0968 0 
-2.55398 1.09035 0 
-2.56 1.08388 0 
-2.56598 1.0774 0 
-2.57192 1.07089 0 
-2.57782 1.06437 0 
-2.58367 1.05783 0 
-2.58948 1.05128 0 
-2.59525 1.0447 0 
-2.60097 1.03811 0 
-2.60666 1.03151 0 
-2.6123 1.02488 0 
-2.6179 1.01824 0 
-2.62346 1.01158 0 
-2.62897 1.00491 0 
-2.63445 0.998223 0 
-2.63988 0.991518 0 
-2.64527 0.984798 0 
-2.65062 0.978062 0 
-2.65593 0.971311 0 
-2.66119 0.964544 0 
-2.66642 0.957762 0 
-2.6716 0.950966 0 
-2.67674 0.944154 0 
-2.68184 0.937328 0 
-2.68689 0.930487 0 
-2.69191 0.923632 0 
-2.69688 0.916763 0 
-2.70182 0.90988 0 
-2.70671 0.902982 0 
-2.71156 0.896071 0 
-2.71637 0.889146 0 
-2.72113 0.882208 0 
-2.72586 0.875256 0 
-2.73054 0.868291 0 
-2.73519 0.861313 0 
-2.73979 0.854322 0 
-2.74435 0.847318 0 
-2.74887 0.840301 0 
-2.75335 0.833272 0 
-2.75779 0.82623 0 
-2.76218 0.819176 0 
-2.76654 0.81211 0 
-2.77085 0.805032 0 
-2.77513 0.797942 0 
-2.77936 0.79084 0 
-2.78355 0.783727 0 
-2.7877 0.776602 0 
-2.79181 0.769465 0 
-2.79588 0.762318 0 
-2.79991 0.755159 0 
-2.8039 0.747989 0 
-2.80784 0.740808 0 
-2.81175 0.733617 0 
-2.81561 0.726415 0 
-2.81944 0.719202 0 
-2.82322 0.71198 0 
-2.82696 0.704746 0 
-2.83067 0.697503 0 
-2.83433 0.69025 0 
-2.83795 0.682987 0 
-2.84153 0.675714 0 
-2.84507 0.668431 0 
-2.84857 0.661139 0 
-2.85203 0.653838 0 
-2.85545 0.646527 0 
-2.85883 0.639207 0 
-2.86217 0.631878 0 
-2.86546 0.62454 0 
-2.86872 0.617194 0 
-2.87194 0.609838 0 
-2.87511 0.602474 0 
-2.87825 0.595102 0 
-2.88135 0.587721 0 
-2.8844 0.580333 0 
-2.88742 0.572936 0 
-2.89039 0.565531 0 
-2.89333 0.558118 0 
-2.89622 0.550697 0 
-2.89908 0.543269 0 
-2.90189 0.535833 0 
-2.90467 0.52839 0 
-2.9074 0.52094 0 
-2.9101 0.513482 0 
-2.91275 0.506018 0 
-2.91537 0.498546 0 
-2.91794 0.491068 0 
-2.92047 0.483582 0 
-2.92297 0.476091 0 
-2.92542 0.468592 0 
-2.92784 0.461087 0 
-2.93021 0.453576 0 
-2.93255 0.446059 0 
-2.93484 0.438536 0 
-2.93709 0.431007 0 
-2.93931 0.423472 0 
-2.94148 0.415931 0 
-2.94362 0.408384 0 
-2.94571 0.400832 0 
-2.94777 0.393275 0 
-2.94978 0.385712 0 
-2.95176 0.378144 0 
-2.9537 0.370571 0 
-2.95559 0.362993 0 
-2.95745 0.35541 0 
-2.95926 0.347822 0 
-2.96104 0.34023 0 
-2.96278 0.332633 0 
-2.96447 0.325032 0 
-2.96613 0.317426 0 
-2.96775 0.309816 0 
-2.96933 0.302202 0 
-2.97087 0.294583 0 
-2.97237 0.286961 0 
-2.97382 0.279335 0 
-2.97524 0.271706 0 
-2.97662 0.264072 0 
-2.97796 0.256436 0 
-2.97926 0.248795 0 
-2.98053 0.241152 0 
-2.98175 0.233505 0 
-2.98293 0.225855 0 
-2.98407 0.218202 0 
-2.98517 0.210547 0 
-2.98624 0.202888 0 
-2.98726 0.195227 0 
-2.98824 0.187563 0 
-2.98919 0.179897 0 
-2.99009 0.172228 0 
-2.99096 0.164557 0 
-2.99178 0.156884 0 
-2.99257 0.149209 0 
-2.99332 0.141532 0 
-2.99402 0.133853 0 
-2.99469 0.126172 0 
-2.99532 0.118489 0 
-2.99591 0.110805 0 
-2.99646 0.10312 0 
-2.99697 0.0954331 0 
-2.99744 0.087745 0 
-2.99787 0.0800557 0 
-2.99826 0.0723654 0 
-2.99861 0.0646741 0 
-2.99892 0.056982 0 
-2.9992 0.0492892 0 
-2.99943 0.0415956 0 
-2.99962 0.0339016 0 
-2.99978 0.0262071 0 
-2.99989 0.0185122 0 
-2.99997 0.0108171 0 
-3 0.00312188 0 
-3 -0.0045734 0 
-2.99996 -0.0122686 0 
-2.99987 -0.0199637 0 
-2.99975 -0.0276585 0 
-2.99959 -0.0353529 0 
-2.99939 -0.0430469 0 
-2.99915 -0.0507403 0 
-2.99887 -0.058433 0 
-2.99855 -0.066125 0 
-2.99819 -0.0738161 0 
-2.99779 -0.0815062 0 
-2.99735 -0.0891952 0 
-2.99687 -0.0968831 0 
-2.99636 -0.10457 0 
-2.9958 -0.112255 0 
-2.9952 -0.119939 0 
-2.99457 -0.127621 0 
-2.99389 -0.135301 0 
-2.99318 -0.14298 0 
-2.99243 -0.150657 0 
-2.99163 -0.158332 0 
-2.9908 -0.166004 0 
-2.98993 -0.173675 0 
-2.98901 -0.181343 0 
-2.98806 -0.189009 0 
-2.98707 -0.196672 0 
-2.98604 -0.204333 0 
-2.98497 -0.211991 0 
-2.98386 -0.219646 0 
-2.98271 -0.227298 0 
-2.98152 -0.234948 0 
-2.98029 -0.242594 0 
-2.97902 -0.250237 0 
-2.97771 -0.257876 0 
-2.97637 -0.265512 0 
-2.97498 -0.273145 0 
-2.97355 -0.280774 0 
-2.97209 -0.288399 0 
-2.97058 -0.296021 0 
-2.96903 -0.303638 0 
-2.96745 -0.311251 0 
-2.96582 -0.318861 0 
-2.96416 -0.326466 0 
-2.96245 -0.334066 0 
-2.96071 -0.341662 0 
-2.95892 -0.349254 0 
-2.9571 -0.356841 0 
-2.95524 -0.364423 0 
-2.95333 -0.372 0 
-2.95139 -0.379572 0 
-2.94941 -0.387139 0 
-2.94738 -0.394701 0 
-2.94532 -0.402257 0 
-2.94322 -0.409808 0 
-2.94108 -0.417353 0 
-2.93889 -0.424893 0 
-2.93667 -0.432427 0 
-2.93441 -0.439955 0 
-2.93211 -0.447478 0 
-2.92977 -0.454994 0 
-2.92738 -0.462504 0 
-2.92496 -0.470007 0 
-2.9225 -0.477504 0 
-2.92 -0.484995 0 
-2.91746 -0.492479 0 
-2.91487 -0.499956 0 
-2.91225 -0.507426 0 
-2.90959 -0.51489 0 
-2.90689 -0.522346 0 
-2.90415 -0.529795 0 
-2.90136 -0.537237 0 
-2.89854 -0.544671 0 
-2.89568 -0.552098 0 
-2.89278 -0.559517 0 
-2.88983 -0.566928 0 
-2.88685 -0.574332 0 
-2.88383 -0.581727 0 
-2.88077 -0.589114 0 
-2.87766 -0.596493 0 
-2.87452 -0.603864 0 
-2.87133 -0.611226 0 
-2.86811 -0.61858 0 
-2.86484 -0.625925 0 
-2.86154 -0.633261 0 
-2.85819 -0.640588 0 
-2.85481 -0.647907 0 
-2.85138 -0.655216 0 
-2.84791 -0.662515 0 
-2.84441 -0.669806 0 
-2.84086 -0.677086 0 
-2.83727 -0.684357 0 
-2.83364 -0.691619 0 
-2.82997 -0.69887 0 
-2.82626 -0.706112 0 
-2.82251 -0.713343 0 
-2.81872 -0.720564 0 
-2.81489 -0.727774 0 
-2.81101 -0.734974 0 
-2.8071 -0.742164 0 
-2.80314 -0.749342 0 
-2.79915 -0.75651 0 
-2.79511 -0.763667 0 
-2.79104 -0.770812 0 
-2.78692 -0.777947 0 
-2.78276 -0.785069 0 
-2.77856 -0.792181 0 
-2.77432 -0.79928 0 
-2.77004 -0.806368 0 
-2.76572 -0.813444 0 
-2.76136 -0.820508 0 
-2.75695 -0.82756 0 
-2.75251 -0.834599 0 
-2.74802 -0.841626 0 
-2.74349 -0.84864 0 
-2.73892 -0.855642 0 
-2.73431 -0.86263 0 
-2.72966 -0.869606 0 
-2.72497 -0.876568 0 
-2.72024 -0.883518 0 
-2.71546 -0.890453 0 
-2.71064 -0.897376 0 
-2.70579 -0.904284 0 
-2.70089 -0.911179 0 
-2.69595 -0.91806 0 
-2.69097 -0.924926 0 
-2.68594 -0.931779 0 
-2.68088 -0.938617 0 
-2.67577 -0.94544 0 
-2.67062 -0.952249 0 
-2.66543 -0.959043 0 
-2.6602 -0.965822 0 
-2.65493 -0.972585 0 
-2.64961 -0.979334 0 
-2.64426 -0.986067 0 
-2.63886 -0.992784 0 
-2.63342 -0.999486 0 
-2.62793 -1.00617 0 
-2.62241 -1.01284 0 
-2.61684 -1.01949 0 
-2.61124 -1.02613 0 
-2.60559 -1.03275 0 
-2.59989 -1.03936 0 
-2.59416 -1.04594 0 
-2.58838 -1.05251 0 
-2.58257 -1.05907 0 
-2.57671 -1.0656 0 
-2.5708 -1.07212 0 
-2.56486 -1.07862 0 
-2.55887 -1.08511 0 
-2.55284 -1.09157 0 
-2.54677 -1.09802 0 
-2.54065 -1.10445 0 
-2.5345 -1.11086 0 
-2.5283 -1.11725 0 
-2.52206 -1.12362 0 
-2.51577 -1.12997 0 
-2.50944 -1.13631 0 
-2.50307 -1.14262 0 
-2.49666 -1.14892 0 
-2.49021 -1.15519 0 
-2.48371 -1.16145 0 
-2.47717 -1.16769 0 
-2.47058 -1.1739 0 
-2.46396 -1.1801 0 
-2.45729 -1.18627 0 
-2.45057 -1.19243 0 
-2.44382 -1.19856 0 
-2.43702 -1.20467 0 
-2.43018 -1.21076 0 
-2.42329 -1.21683 0 
-2.41637 -1.22288 0 
-2.40939 -1.22891 0 
-2.40238 -1.23491 0 
-2.39532 -1.24089 0 
-2.38822 -1.24685 0 
-2.38108 -1.25279 0 
-2.37389 -1.2587 0 
-2.36666 -1.26459 0 
-2.35938 -1.27046 0 
-2.35206 -1.2763 0 
-2.3447 -1.28212 0 
-2.33729 -1.28792 0 
-2.32985 -1.29369 0 
-2.32235 -1.29944 0 
-2.31482 -1.30516 0 
-2.30723 -1.31086 0 
-2.29961 -1.31654 0 
-2.29194 -1.32219 0 
-2.28423 -1.32781 0 
-2.27647 -1.33341 0 
-2.26867 -1.33898 0 
-2.26083 -1.34452 0 
-2.25294 -1.35004 0 
-2.245 -1.35554 0 
-2.23703 -1.361 0 
-2.22901 -1.36644 0 
-2.22094 -1.37186 0 
-2.21283 -1.37724 0 
-2.20467 -1.3826 0 
-2.19648 -1.38793 0 
-2.18823 -1.39323 0 
-2.17994 -1.3985 0 
-2.17161 -1.40375 0 
-2.16323 -1.40896 0 
-2.15481 -1.41415 0 
-2.14634 -1.41931 0 
-2.13783 -1.42443 0 
-2.12928 -1.42953 0 
-2.12068 -1.4346 0 
-2.11203 -1.43964 0 
-2.10334 -1.44464 0 
-2.0946 -1.44962 0 
-2.08582 -1.45456 0 
-2.077 -1.45947 0 
-2.06812 -1.46436 0 
-2.05921 -1.46921 0 
-2.05025 -1.47402 0 
-2.04124 -1.47881 0 
-2.03219 -1.48356 0 
-2.02309 -1.48828 0 
-2.01395 -1.49296 0 
-2.00476 -1.49761 0 
-1.99553 -1.50223 0 
-1.98625 -1.50682 0 
-1.97692 -1.51136 0 
-1.96755 -1.51588 0 
-1.95814 -1.52036 0 
-1.94867 -1.5248 0 
-1.93917 -1.52921 0 
-1.92961 -1.53358 0 
-1.92001 -1.53792 0 
-1.91037 -1.54221 0 
-1.90068 -1.54648 0 
-1.89094 -1.5507 0 
-1.88116 -1.55489 0 
-1.87133 -1.55903 0 
-1.86146 -1.56314 0 
-1.85154 -1.56722 0 
-1.84157 -1.57125 0 
-1.83156 -1.57524 0 
-1.8215 -1.5792 0 
-1.8114 -1.58311 0 
-1.80124 -1.58698 0 
-1.79105 -1.59081 0 
-1.7808 -1.5946 0 
-1.77051 -1.59835 0 
-1.76018 -1.60206 0 
-1.74979 -1.60573 0 
-1.73936 -1.60935 0 
-1.72889 -1.61293 0 
-1.71837 -1.61647 0 
-1.7078 -1.61996 0 
-1.69718 -1.62341 0 
-1.68652 -1.62681 0 
-1.67581 -1.63017 0 
-1.66506 -1.63349 0 
-1.65426 -1.63675 0 
-1.64341 -1.63998 0 
-1.63251 -1.64315 0 
-1.62157 -1.64628 0 
-1.61058 -1.64936 0 
-1.59955 -1.65239 0 
-1.58847 -1.65538 0 
-1.57734 -1.65832 0 
-1.56616 -1.6612 0 
-1.55494 -1.66404 0 
-1.54367 -1.66683 0 
-1.53236 -1.66957 0 
-1.521 -1.67225 0 
-1.50959 -1.67489 0 
-1.49813 -1.67747 0 
-1.48663 -1.68 0 
-1.47508 -1.68248 0 
-1.46348 -1.6849 0 
-1.45184 -1.68727 0 
-1.44015 -1.68959 0 
-1.42842 -1.69185 0 
-1.41663 -1.69405 0 
-1.4048 -1.6962 0 
-1.39293 -1.6983 0 
-1.381 -1.70033 0 
-1.36903 -1.70231 0 
-1.35702 -1.70423 0 
-1.34495 -1.70609 0 
-1.33284 -1.7079 0 
-1.32069 -1.70964 0 
-1.30848 -1.71132 0 
-1.29623 -1.71295 0 
-1.28394 -1.71451 0 
-1.2716 -1.71601 0 
-1.25921 -1.71744 0 
-1.24677 -1.71882 0 
-1.23429 -1.72013 0 
-1.22176 -1.72137 0 
-1.20919 -1.72255 0 
-1.19657 -1.72367 0 
-1.1839 -1.72471 0 
-1.17119 -1.72569 0 
-1.15843 -1.72661 0 
-1.14563 -1.72745 0 
-1.13278 -1.72823 0 
-1.11989 -1.72894 0 
-1.10695 -1.72957 0 
-1.09396 -1.73014 0 
-1.08093 -1.73063 0 
-1.06785 -1.73105 0 
-1.05473 -1.7314 0 
-1.04157 -1.73168 0 
-1.02836 -1.73188 0 
-1.0151 -1.732 0 
-1.0018 -1.73205 0 
-0.988454 -1.73202 0 
-0.975065 -1.73192 0 
-0.961632 -1.73173 0 
-0.948154 -1.73147 0 
-0.934633 -1.73113 0 
-0.921069 -1.7307 0 
-0.907461 -1.7302 0 
-0.893809 -1.72961 0 
-0.880115 -1.72894 0 
-0.866378 -1.72818 0 
-0.852598 -1.72734 0 
-0.838776 -1.72641 0 
-0.824912 -1.7254 0 
-0.811006 -1.7243 0 
-0.797058 -1.72311 0 
-0.783069 -1.72183 0 
-0.769038 -1.72046 0 
-0.754967 -1.719 0 
-0.740855 -1.71745 0 
-0.726704 -1.7158 0 
-0.712512 -1.71406 0 
-0.69828 -1.71223 0 
-0.68401 -1.7103 0 
-0.6697 -1.70827 0 
-0.655352 -1.70614 0 
-0.640966 -1.70391 0 
-0.626542 -1.70159 0 
-0.612081 -1.69916 0 
-0.597583 -1.69663 0 
-0.583048 -1.69399 0 
-0.568477 -1.69125 0 
-0.553871 -1.68841 0 
-0.53923 -1.68546 0 
-0.524554 -1.6824 0 
-0.509844 -1.67923 0 
-0.4951 -1.67595 0 
-0.480324 -1.67256 0 
-0.465515 -1.66905 0 
-0.450675 -1.66544 0 
-0.435803 -1.6617 0 
-0.420901 -1.65785 0 
-0.405968 -1.65389 0 
-0.391007 -1.6498 0 
-0.376017 -1.6456 0 
-0.361 -1.64127 0 
-0.345955 -1.63682 0 
-0.330884 -1.63224 0 
-0.315788 -1.62754 0 
-0.300667 -1.62271 0 
-0.285522 -1.61776 0 
-0.270354 -1.61267 0 
-0.255164 -1.60746 0 
-0.239954 -1.60211 0 
-0.224723 -1.59662 0 
-0.209473 -1.59101 0 
-0.194206 -1.58525 0 
-0.178921 -1.57936 0 
-0.16362 -1.57332 0 
-0.148305 -1.56715 0 
-0.132977 -1.56083 0 
-0.117636 -1.55437 0 
-0.102284 -1.54777 0 
-0.0869218 -1.54101 0 
-0.0715517 -1.53411 0 
-0.0561745 -1.52705 0 
-0.0407917 -1.51985 0 
-0.0254049 -1.51249 0 
-0.0100154 -1.50497 0 
0.00537514 -1.4973 0 
0.0207651 -1.48947 0 
0.0361528 -1.48148 0 
0.0515366 -1.47333 0 
0.0669146 -1.46501 0 
0.0822851 -1.45653 0 
0.0976462 -1.44789 0 
0.112996 -1.43907 0 
0.128332 -1.43009 0 
0.143653 -1.42093 0 
0.158957 -1.4116 0 
0.17424 -1.40209 0 
0.189502 -1.39241 0 
0.20474 -1.38255 0 
0.21995 -1.37251 0 
0.235132 -1.36229 0 
0.250282 -1.35189 0 
0.265398 -1.3413 0 
0.280477 -1.33052 0 
0.295517 -1.31956 0 
0.310513 -1.3084 0 
0.325465 -1.29706 0 
0.340368 -1.28552 0 
0.35522 -1.27379 0 
0.370017 -1.26186 0 
0.384756 -1.24973 0 
0.399434 -1.23741 0 
0.414048 -1.22489 0 
0.428593 -1.21216 0 
0.443067 -1.19924 0 
0.457466 -1.1861 0 
0.471785 -1.17277 0 
0.486022 -1.15923 0 
0.500171 -1.14548 0 
0.514229 -1.13152 0 
0.528193 -1.11735 0 
0.542057 -1.10297 0 
0.555817 -1.08838 0 
0.569469 -1.07358 0 
0.583008 -1.05857 0 
0.596429 -1.04334 0 
0.609729 -1.0279 0 
0.622902 -1.01225 0 
0.635943 -0.996377 0 
0.648847 -0.980294 0 
0.661609 -0.963997 0 
0.674224 -0.947486 0 
0.686687 -0.93076 0 
0.698992 -0.913821 0 
0.711134 -0.896668 0 
0.723107 -0.879304 0 
0.734907 -0.861727 0 
0.746526 -0.843939 0 
0.75796 -0.825942 0 
0.769203 -0.807737 0 
0.780249 -0.789325 0 
0.791092 -0.770708 0 
0.801727 -0.751887 0 
0.812147 -0.732865 0 
0.822346 -0.713645 0 
0.83232 -0.694228 0 
0.842061 -0.674617 0 
0.851563 -0.654816 0 
0.860822 -0.634827 0 
0.869831 -0.614653 0 
0.878584 -0.594299 0 
0.887075 -0.573768 0 
0.895299 -0.553064 0 
0.903251 -0.532191 0 
0.910923 -0.511154 0 
0.918312 -0.489958 0 
0.925411 -0.468608 0 
0.932216 -0.447108 0 
0.938721 -0.425465 0 
0.944921 -0.403684 0 
0.950812 -0.38177 0 
0.956389 -0.35973 0 
0.961647 -0.337571 0 
0.966583 -0.315298 0 
0.971192 -0.292919 0 
0.97547 -0.27044 0 
0.979414 -0.247869 0 
0.983021 -0.225212 0 
0.986287 -0.202477 0 
0.98921 -0.179671 0 
0.991787 -0.156803 0 
0.994016 -0.133879 0 
0.995895 -0.110909 0 
0.997423 -0.0878995 0 
0.998597 -0.0648588 0 
0.999418 -0.0417951 0 
0.999883 -0.0187165 0 
0.999994 0.00436864 0 
0.999749 0.0274523 0 
0.999149 0.0505261 0 
0.998194 0.0735821 0 
0.996886 0.096612 0 
0.995226 0.119608 0 
0.993214 0.142561 0 
0.990853 0.165465 0 
0.988145 0.18831 0 
0.985092 0.21109 0 
0.981696 0.233796 0 
0.977961 0.256422 0 
0.97389 0.278959 0 
0.969487 0.301401 0 
0.964754 0.323741 0 
0.959695 0.345971 0 
0.954316 0.368086 0 
0.94862 0.390079 0 
0.942611 0.411943 0 
0.936295 0.433673 0 
0.929676 0.455262 0 
0.922759 0.476706 0 
0.91555 0.497999 0 
0.908053 0.519135 0 
0.900274 0.54011 0 
0.892219 0.56092 0 
0.883893 0.581559 0 
0.875302 0.602023 0 
0.866452 0.62231 0 
0.857348 0.642414 0 
0.847996 0.662332 0 
0.838403 0.682062 0 
0.828573 0.7016 0 
0.818513 0.720943 0 
0.80823 0.740088 0 
0.797728 0.759034 0 
0.787014 0.777778 0 
0.776093 0.796318 0 
0.764972 0.814652 0 
0.753656 0.832778 0 
0.742151 0.850696 0 
0.730463 0.868404 0 
0.718597 0.885901 0 
0.706559 0.903185 0 
0.694355 0.920257 0 
0.68199 0.937116 0 
0.669469 0.95376 0 
0.656797 0.97019 0 
0.643981 0.986407 0 
0.631024 1.00241 0 
0.617933 1.0182 0 
0.604712 1.03377 0 
0.591365 1.04913 0 
0.577899 1.06427 0 
0.564316 1.07921 0 
0.550623 1.09393 0 
0.536823 1.10844 0 
