1 0 0 3 0 0 
0.999981 0.00628314 0 3 0.00314159 0 
0.999923 0.012566 0 2.99999 0.00628318 0 
0.999826 0.0188484 0 2.99998 0.00942476 0 
0.999691 0.0251301 0 2.99996 0.0125663 0 
0.999518 0.0314107 0 2.99995 0.0157079 0 
0.999305 0.0376901 0 2.99992 0.0188494 0 
0.999055 0.043968 0 2.99989 0.0219909 0 
0.998765 0.0502442 0 2.99986 0.0251323 0 
0.998438 0.0565184 0 2.99982 0.0282738 0 
0.998071 0.0627903 0 2.99978 0.0314152 0 
0.997666 0.0690597 0 2.99973 0.0345565 0 
0.997223 0.0753264 0 2.99968 0.0376978 0 
0.996741 0.0815901 0 2.99963 0.040839 0 
0.996221 0.0878506 0 2.99957 0.0439802 0 
0.995662 0.0941075 0 2.99951 0.0471213 0 
0.995065 0.100361 0 2.99944 0.0502623 0 
0.994429 0.10661 0 2.99937 0.0534033 0 
0.993755 0.112855 0 2.99929 0.0565442 0 
0.993043 0.119096 0 2.99921 0.059685 0 
0.992293 0.125331 0 2.99912 0.0628257 0 
0.991504 0.131562 0 2.99903 0.0659664 0 
0.990677 0.137788 0 2.99894 0.0691069 0 
0.989811 0.144008 0 2.99884 0.0722473 0 
0.988908 0.150223 0 2.99874 0.0753876 0 
0.987966 0.156431 0 2.99863 0.0785279 0 
0.986987 0.162633 0 2.99852 0.081668 0 
0.985969 0.168829 0 2.9984 0.0848079 0 
0.984913 0.175018 0 2.99828 0.0879478 0 
0.98382 0.1812 0 2.99816 0.0910875 0 
0.982688 0.187376 0 2.99803 0.0942271 0 
0.981519 0.193543 0 2.99789 0.0973666 0 
0.980311 0.199703 0 2.99775 0.100506 0 
0.979066 0.205855 0 2.99761 0.103645 0 
0.977783 0.211999 0 2.99746 0.106784 0 
0.976463 0.218134 0 2.99731 0.109923 0 
0.975105 0.224261 0 2.99716 0.113062 0 
0.973709 0.230379 0 2.997 0.1162 0 
0.972276 0.236488 0 2.99683 0.119339 0 
0.970805 0.242587 0 2.99666 0.122477 0 
0.969297 0.248677 0 2.99649 0.125615 0 
0.967752 0.254757 0 2.99631 0.128753 0 
0.966169 0.260827 0 2.99613 0.13189 0 
0.964549 0.266886 0 2.99594 0.135028 0 
0.962892 0.272935 0 2.99575 0.138165 0 
0.961198 0.278973 0 2.99556 0.141302 0 
0.959467 0.285001 0 2.99536 0.144439 0 
0.957699 0.291016 0 2.99516 0.147575 0 
0.955894 0.297021 0 2.99495 0.150712 0 
0.954053 0.303013 0 2.99473 0.153848 0 
0.952175 0.308994 0 2.99452 0.156984 0 
0.95026 0.314962 0 2.9943 0.16012 0 
0.948308 0.320918 0 2.99407 0.163255 0 
0.94632 0.326861 0 2.99384 0.16639 0 
0.944296 0.332792 0 2.99361 0.169525 0 
0.942235 0.338709 0 2.99337 0.17266 0 
0.940139 0.344613 0 2.99312 0.175795 0 
0.938006 0.350503 0 2.99287 0.178929 0 
0.935837 0.356379 0 2.99262 0.182063 0 
0.933632 0.362241 0 2.99237 0.185197 0 
0.931391 0.368089 0 2.99211 0.18833 0 
0.929114 0.373922 0 2.99184 0.191463 0 
0.926802 0.379741 0 2.99157 0.194596 0 
0.924454 0.385545 0 2.9913 0.197729 0 
0.92207 0.391333 0 2.99102 0.200861 0 
0.919652 0.397106 0 2.99073 0.203993 0 
0.917198 0.402863 0 2.99045 0.207125 0 
0.914708 0.408604 0 2.99016 0.210256 0 
0.912184 0.41433 0 2.98986 0.213387 0 
0.909624 0.420039 0 2.98956 0.216518 0 
0.90703 0.425731 0 2.98925 0.219649 0 
0.904401 0.431406 0 2.98895 0.222779 0 
0.901737 0.437065 0 2.98863 0.225909 0 
0.899039 0.442706 0 2.98831 0.229038 0 
0.896306 0.44833 0 2.98799 0.232167 0 
0.893539 0.453936 0 2.98767 0.235296 0 
0.890737 0.459525 0 2.98733 0.238425 0 
0.887902 0.465095 0 2.987 0.241553 0 
0.885032 0.470647 0 2.98666 0.244681 0 
0.882129 0.47618 0 2.98631 0.247808 0 
0.879192 0.481694 0 2.98597 0.250935 0 
0.876221 0.48719 0 2.98561 0.254062 0 
0.873216 0.492667 0 2.98526 0.257188 0 
0.870178 0.498124 0 2.98489 0.260314 0 
0.867107 0.503561 0 2.98453 0.26344 0 
0.864003 0.508979 0 2.98416 0.266565 0 
0.860866 0.514376 0 2.98378 0.26969 0 
0.857695 0.519754 0 2.9834 0.272814 0 
0.854492 0.525111 0 2.98302 0.275938 0 
0.851256 0.530447 0 2.98263 0.279062 0 
0.847988 0.535763 0 2.98224 0.282185 0 
0.844687 0.541057 0 2.98184 0.285308 0 
0.841354 0.54633 0 2.98144 0.28843 0 
0.837989 0.551582 0 2.98104 0.291552 0 
0.834592 0.556812 0 2.98063 0.294673 0 
0.831163 0.562021 0 2.98021 0.297794 0 
0.827702 0.567207 0 2.97979 0.300915 0 
0.82421 0.572371 0 2.97937 0.304035 0 
0.820686 0.577512 0 2.97894 0.307155 0 
0.817131 0.582631 0 2.97851 0.310274 0 
0.813544 0.587727 0 2.97807 0.313393 0 
0.809927 0.5928 0 2.97763 0.316511 0 
0.806279 0.597849 0 2.97719 0.319629 0 
0.8026 0.602876 0 2.97674 0.322747 0 
0.79889 0.607878 0 2.97629 0.325864 0 
0.79515 0.612857 0 2.97583 0.32898 0 
0.79138 0.617812 0 2.97537 0.332096 0 
0.78758 0.622743 0 2.9749 0.335212 0 
0.783749 0.627649 0 2.97443 0.338327 0 
0.779889 0.63253 0 2.97395 0.341441 0 
0.775999 0.637387 0 2.97347 0.344555 0 
0.772079 0.642219 0 2.97299 0.347669 0 
0.768131 0.647026 0 2.9725 0.350782 0 
0.764152 0.651808 0 2.97201 0.353894 0 
0.760145 0.656564 0 2.97151 0.357006 0 
0.756109 0.661294 0 2.97101 0.360117 0 
0.752044 0.665998 0 2.9705 0.363228 0 
0.747951 0.670677 0 2.96999 0.366339 0 
0.743829 0.675329 0 2.96947 0.369448 0 
0.739679 0.679955 0 2.96895 0.372558 0 
0.735501 0.684554 0 2.96843 0.375666 0 
0.731295 0.689127 0 2.9679 0.378775 0 
0.727061 0.693672 0 2.96737 0.381882 0 
0.722799 0.698191 0 2.96683 0.384989 0 
0.71851 0.702682 0 2.96629 0.388096 0 
0.714194 0.707146 0 2.96575 0.391202 0 
0.709851 0.711582 0 2.9652 0.394307 0 
0.705481 0.715991 0 2.96464 0.397412 0 
0.701084 0.720372 0 2.96408 0.400516 0 
0.69666 0.724724 0 2.96352 0.403619 0 
0.69221 0.729048 0 2.96295 0.406722 0 
0.687734 0.733344 0 2.96238 0.409825 0 
0.683232 0.737611 0 2.96181 0.412927 0 
0.678704 0.74185 0 2.96122 0.416028 0 
0.67415 0.746059 0 2.96064 0.419128 0 
0.669571 0.75024 0 2.96005 0.422228 0 
0.664966 0.754391 0 2.95946 0.425328 0 
0.660337 0.758513 0 2.95886 0.428426 0 
0.655682 0.762606 0 2.95826 0.431524 0 
0.651002 0.766668 0 2.95765 0.434622 0 
0.646298 0.770701 0 2.95704 0.437718 0 
0.64157 0.774704 0 2.95642 0.440815 0 
0.636817 0.778677 0 2.9558 0.44391 0 
0.63204 0.782619 0 2.95518 0.447005 0 
0.627239 0.786531 0 2.95455 0.450099 0 
0.622415 0.790413 0 2.95392 0.453192 0 
0.617567 0.794263 0 2.95328 0.456285 0 
0.612695 0.798083 0 2.95264 0.459377 0 
0.607801 0.801872 0 2.95199 0.462469 0 
0.602884 0.805629 0 2.95134 0.46556 0 
0.597944 0.809356 0 2.95069 0.46865 0 
0.592981 0.81305 0 2.95003 0.471739 0 
0.587996 0.816714 0 2.94936 0.474828 0 
0.582989 0.820345 0 2.94869 0.477916 0 
0.57796 0.823945 0 2.94802 0.481003 0 
0.572909 0.827513 0 2.94735 0.48409 0 
0.567837 0.831048 0 2.94666 0.487176 0 
0.562743 0.834551 0 2.94598 0.490261 0 
0.557628 0.838022 0 2.94529 0.493345 0 
0.552492 0.841461 0 2.9446 0.496429 0 
0.547335 0.844866 0 2.9439 0.499512 0 
0.542158 0.848239 0 2.94319 0.502594 0 
0.53696 0.851579 0 2.94249 0.505675 0 
0.531742 0.854886 0 2.94177 0.508756 0 
0.526505 0.85816 0 2.94106 0.511836 0 
0.521247 0.861401 0 2.94034 0.514915 0 
0.51597 0.864608 0 2.93961 0.517994 0 
0.510673 0.867781 0 2.93888 0.521071 0 
0.505358 0.870921 0 2.93815 0.524148 0 
0.500023 0.874027 0 2.93741 0.527224 0 
0.494669 0.8771 0 2.93667 0.5303 0 
0.489297 0.880138 0 2.93592 0.533374 0 
0.483907 0.883142 0 2.93517 0.536448 0 
0.478499 0.886112 0 2.93442 0.539521 0 
0.473072 0.889048 0 2.93366 0.542593 0 
0.467628 0.891949 0 2.93289 0.545664 0 
0.462167 0.894816 0 2.93213 0.548735 0 
0.456688 0.897648 0 2.93135 0.551804 0 
0.451192 0.900445 0 2.93058 0.554873 0 
0.445679 0.903207 0 2.9298 0.557941 0 
0.440149 0.905935 0 2.92901 0.561009 0 
0.434603 0.908627 0 2.92822 0.564075 0 
0.429041 0.911284 0 2.92742 0.567141 0 
0.423463 0.913906 0 2.92663 0.570205 0 
0.417869 0.916493 0 2.92582 0.573269 0 
0.412259 0.919044 0 2.92502 0.576332 0 
0.406634 0.921559 0 2.9242 0.579394 0 
0.400994 0.924039 0 2.92339 0.582456 0 
0.395339 0.926483 0 2.92257 0.585516 0 
0.389669 0.928891 0 2.92174 0.588575 0 
0.383985 0.931263 0 2.92091 0.591634 0 
0.378286 0.933599 0 2.92008 0.594692 0 
0.372573 0.935899 0 2.91924 0.597749 0 
0.366847 0.938163 0 2.9184 0.600805 0 
0.361107 0.94039 0 2.91755 0.60386 0 
0.355353 0.942581 0 2.9167 0.606914 0 
0.349586 0.944736 0 2.91584 0.609967 0 
0.343806 0.946854 0 2.91498 0.61302 0 
0.338014 0.948935 0 2.91412 0.616071 0 
0.332209 0.95098 0 2.91325 0.619122 0 
0.326391 0.952988 0 2.91238 0.622171 0 
0.320562 0.954959 0 2.9115 0.62522 0 
0.31472 0.956893 0 2.91062 0.628268 0 
0.308867 0.95879 0 2.90973 0.631315 0 
0.303003 0.96065 0 2.90884 0.634361 0 
0.297127 0.962473 0 2.90795 0.637406 0 
0.291241 0.964258 0 2.90705 0.64045 0 
0.285344 0.966007 0 2.90615 0.643493 0 
0.279436 0.967718 0 2.90524 0.646535 0 
0.273518 0.969391 0 2.90433 0.649576 0 
0.267589 0.971027 0 2.90341 0.652616 0 
0.261651 0.972625 0 2.90249 0.655655 0 
0.255704 0.974186 0 2.90156 0.658693 0 
0.249747 0.975709 0 2.90063 0.66173 0 
0.243781 0.977194 0 2.8997 0.664766 0 
0.237806 0.978641 0 2.89876 0.667802 0 
0.231822 0.980051 0 2.89782 0.670836 0 
0.225829 0.981422 0 2.89687 0.673869 0 
0.219829 0.982756 0 2.89592 0.676901 0 
0.21382 0.984052 0 2.89497 0.679932 0 
0.207804 0.985309 0 2.89401 0.682962 0 
0.20178 0.986528 0 2.89304 0.685991 0 
0.195749 0.987709 0 2.89207 0.689019 0 
0.189711 0.988852 0 2.8911 0.692047 0 
0.183666 0.989957 0 2.89012 0.695073 0 
0.177614 0.991023 0 2.88914 0.698097 0 
0.171556 0.992051 0 2.88816 0.701121 0 
0.165492 0.99304 0 2.88716 0.704144 0 
0.159421 0.993991 0 2.88617 0.707166 0 
0.153345 0.994904 0 2.88517 0.710187 0 
0.147264 0.995778 0 2.88417 0.713206 0 
0.141177 0.996613 0 2.88316 0.716225 0 
0.135086 0.997409 0 2.88215 0.719242 0 
0.128989 0.998167 0 2.88113 0.722259 0 
0.122888 0.998887 0 2.88011 0.725274 0 
0.116783 0.999567 0 2.87909 0.728288 0 
0.110674 1.00021 0 2.87806 0.731302 0 
0.104561 1.00081 0 2.87702 0.734314 0 
0.0984439 1.00138 0 2.87598 0.737324 0 
0.0923239 1.0019 0 2.87494 0.740334 0 
0.0862006 1.00239 0 2.8739 0.743343 0 
0.0800745 1.00284 0 2.87284 0.746351 0 
0.0739458 1.00324 0 2.87179 0.749357 0 
0.0678146 1.00361 0 2.87073 0.752362 0 
0.0616813 1.00394 0 2.86967 0.755366 0 
0.055546 1.00424 0 2.8686 0.75837 0 
0.0494089 1.00449 0 2.86752 0.761371 0 
0.0432704 1.0047 0 2.86645 0.764372 0 
0.0371307 1.00488 0 2.86537 0.767372 0 
0.03099 1.00501 0 2.86428 0.77037 0 
0.0248485 1.00511 0 2.86319 0.773367 0 
0.0187065 1.00517 0 2.86209 0.776364 0 
0.0125641 1.00519 0 2.861 0.779358 0 
0.00642176 1.00516 0 2.85989 0.782352 0 
0.000279569 1.0051 0 2.85879 0.785345 0 
-0.0058622 1.00501 0 2.85767 0.788336 0 
-0.0120033 1.00487 0 2.85656 0.791326 0 
-0.0181435 1.00469 0 2.85544 0.794315 0 
-0.0242826 1.00447 0 2.85431 0.797303 0 
-0.0304203 1.00422 0 2.85318 0.80029 0 
-0.0365564 1.00392 0 2.85205 0.803275 0 
-0.0426907 1.00359 0 2.85091 0.806259 0 
-0.0488229 1.00322 0 2.84977 0.809242 0 
-0.0549527 1.00281 0 2.84862 0.812224 0 
-0.06108 1.00235 0 2.84747 0.815204 0 
-0.0672045 1.00186 0 2.84632 0.818183 0 
-0.073326 1.00134 0 2.84516 0.821161 0 
-0.0794442 1.00077 0 2.84399 0.824138 0 
-0.0855588 1.00016 0 2.84283 0.827113 0 
-0.0916697 0.999514 0 2.84165 0.830087 0 
-0.0977767 0.998828 0 2.84048 0.83306 0 
-0.103879 0.998104 0 2.8393 0.836032 0 
-0.109978 0.99734 0 2.83811 0.839002 0 
-0.116071 0.996538 0 2.83692 0.841971 0 
-0.12216 0.995696 0 2.83573 0.844939 0 
-0.128243 0.994816 0 2.83453 0.847906 0 
-0.134321 0.993896 0 2.83333 0.850871 0 
-0.140393 0.992938 0 2.83212 0.853835 0 
-0.14646 0.991941 0 2.83091 0.856798 0 
-0.15252 0.990905 0 2.82969 0.859759 0 
-0.158574 0.98983 0 2.82847 0.862719 0 
-0.164621 0.988716 0 2.82725 0.865678 0 
-0.170662 0.987564 0 2.82602 0.868635 0 
-0.176695 0.986372 0 2.82479 0.871591 0 
-0.182721 0.985142 0 2.82355 0.874546 0 
-0.18874 0.983874 0 2.82231 0.877499 0 
-0.19475 0.982566 0 2.82106 0.880451 0 
-0.200753 0.981221 0 2.81981 0.883402 0 
-0.206747 0.979836 0 2.81856 0.886351 0 
-0.212733 0.978413 0 2.8173 0.889299 0 
-0.21871 0.976952 0 2.81604 0.892246 0 
-0.224678 0.975452 0 2.81477 0.895191 0 
-0.230637 0.973913 0 2.8135 0.898135 0 
-0.236587 0.972337 0 2.81222 0.901078 0 
-0.242526 0.970722 0 2.81094 0.904019 0 
-0.248456 0.969069 0 2.80966 0.906959 0 
-0.254376 0.967377 0 2.80837 0.909897 0 
-0.260285 0.965647 0 2.80707 0.912834 0 
-0.266183 0.96388 0 2.80578 0.915769 0 
-0.272071 0.962074 0 2.80448 0.918704 0 
-0.277948 0.96023 0 2.80317 0.921636 0 
-0.283813 0.958348 0 2.80186 0.924568 0 
-0.289666 0.956429 0 2.80054 0.927498 0 
-0.295508 0.954471 0 2.79922 0.930426 0 
-0.301338 0.952476 0 2.7979 0.933353 0 
-0.307155 0.950443 0 2.79657 0.936279 0 
-0.31296 0.948372 0 2.79524 0.939203 0 
-0.318752 0.946264 0 2.79391 0.942126 0 
-0.324531 0.944118 0 2.79256 0.945047 0 
-0.330297 0.941935 0 2.79122 0.947967 0 
-0.336049 0.939714 0 2.78987 0.950885 0 
-0.341788 0.937456 0 2.78852 0.953802 0 
-0.347513 0.935161 0 2.78716 0.956717 0 
-0.353223 0.932829 0 2.7858 0.959631 0 
-0.358919 0.930459 0 2.78443 0.962544 0 
-0.364601 0.928053 0 2.78306 0.965455 0 
-0.370267 0.925609 0 2.78169 0.968364 0 
-0.375919 0.923129 0 2.78031 0.971272 0 
-0.381555 0.920612 0 2.77892 0.974179 0 
-0.387175 0.918058 0 2.77753 0.977084 0 
-0.39278 0.915467 0 2.77614 0.979987 0 
-0.398369 0.91284 0 2.77475 0.982889 0 
-0.403941 0.910177 0 2.77334 0.98579 0 
-0.409497 0.907477 0 2.77194 0.988689 0 
-0.415036 0.904741 0 2.77053 0.991586 0 
-0.420558 0.901968 0 2.76912 0.994482 0 
-0.426063 0.89916 0 2.7677 0.997376 0 
-0.431551 0.896315 0 2.76628 1.00027 0 
-0.437021 0.893435 0 2.76485 1.00316 0 
-0.442473 0.890518 0 2.76342 1.00605 0 
-0.447907 0.887566 0 2.76198 1.00894 0 
-0.453323 0.884579 0 2.76054 1.01182 0 
-0.45872 0.881555 0 2.7591 1.01471 0 
-0.464098 0.878497 0 2.75765 1.01759 0 
-0.469457 0.875403 0 2.7562 1.02047 0 
-0.474797 0.872273 0 2.75474 1.02335 0 
-0.480118 0.869109 0 2.75328 1.02623 0 
-0.485418 0.865909 0 2.75182 1.02911 0 
-0.490699 0.862675 0 2.75035 1.03199 0 
-0.49596 0.859406 0 2.74888 1.03486 0 
-0.5012 0.856102 0 2.7474 1.03773 0 
-0.50642 0.852763 0 2.74592 1.0406 0 
-0.511619 0.84939 0 2.74443 1.04347 0 
-0.516797 0.845983 0 2.74294 1.04634 0 
-0.521954 0.842541 0 2.74144 1.0492 0 
-0.527089 0.839066 0 2.73994 1.05207 0 
-0.532202 0.835556 0 2.73844 1.05493 0 
-0.537293 0.832012 0 2.73693 1.05779 0 
-0.542363 0.828435 0 2.73542 1.06065 0 
-0.54741 0.824823 0 2.7339 1.06351 0 
-0.552434 0.821179 0 2.73238 1.06636 0 
-0.557435 0.8175 0 2.73086 1.06922 0 
-0.562414 0.813789 0 2.72933 1.07207 0 
-0.567369 0.810044 0 2.72779 1.07492 0 
-0.572301 0.806267 0 2.72626 1.07777 0 
-0.577209 0.802456 0 2.72471 1.08062 0 
-0.582093 0.798613 0 2.72317 1.08346 0 
-0.586953 0.794737 0 2.72162 1.08631 0 
-0.591788 0.790829 0 2.72006 1.08915 0 
-0.596599 0.786888 0 2.7185 1.09199 0 
-0.601386 0.782915 0 2.71694 1.09483 0 
-0.606147 0.77891 0 2.71537 1.09767 0 
-0.610883 0.774873 0 2.7138 1.1005 0 
-0.615593 0.770804 0 2.71222 1.10334 0 
-0.620278 0.766703 0 2.71064 1.10617 0 
-0.624938 0.762571 0 2.70906 1.109 0 
-0.629571 0.758408 0 2.70747 1.11183 0 
-0.634177 0.754213 0 2.70588 1.11465 0 
-0.638758 0.749987 0 2.70428 1.11748 0 
-0.643311 0.74573 0 2.70268 1.1203 0 
-0.647838 0.741443 0 2.70107 1.12312 0 
-0.652338 0.737125 0 2.69946 1.12594 0 
-0.65681 0.732776 0 2.69785 1.12876 0 
-0.661255 0.728397 0 2.69623 1.13158 0 
-0.665672 0.723988 0 2.6946 1.13439 0 
-0.670061 0.719549 0 2.69298 1.1372 0 
-0.674422 0.71508 0 2.69134 1.14001 0 
-0.678755 0.710581 0 2.68971 1.14282 0 
-0.683059 0.706053 0 2.68807 1.14563 0 
-0.687335 0.701496 0 2.68642 1.14843 0 
-0.691581 0.696909 0 2.68477 1.15124 0 
-0.695798 0.692293 0 2.68312 1.15404 0 
-0.699986 0.687649 0 2.68146 1.15684 0 
-0.704145 0.682975 0 2.6798 1.15964 0 
-0.708273 0.678274 0 2.67814 1.16243 0 
-0.712372 0.673543 0 2.67647 1.16523 0 
-0.71644 0.668785 0 2.67479 1.16802 0 
-0.720479 0.663999 0 2.67312 1.17081 0 
-0.724486 0.659184 0 2.67143 1.1736 0 
-0.728463 0.654343 0 2.66975 1.17639 0 
-0.732409 0.649473 0 2.66805 1.17917 0 
-0.736324 0.644577 0 2.66636 1.18196 0 
-0.740208 0.639653 0 2.66466 1.18474 0 
-0.74406 0.634703 0 2.66296 1.18752 0 
-0.74788 0.629725 0 2.66125 1.19029 0 
-0.751668 0.624721 0 2.65954 1.19307 0 
-0.755425 0.619691 0 2.65782 1.19584 0 
-0.759149 0.614635 0 2.6561 1.19861 0 
-0.762841 0.609552 0 2.65437 1.20138 0 
-0.7665 0.604444 0 2.65264 1.20415 0 
-0.770126 0.59931 0 2.65091 1.20692 0 
-0.773719 0.594151 0 2.64917 1.20968 0 
-0.777279 0.588966 0 2.64743 1.21244 0 
-0.780806 0.583757 0 2.64568 1.21521 0 
-0.784299 0.578523 0 2.64393 1.21796 0 
-0.787758 0.573264 0 2.64218 1.22072 0 
-0.791184 0.56798 0 2.64042 1.22347 0 
-0.794575 0.562673 0 2.63866 1.22623 0 
-0.797932 0.557341 0 2.63689 1.22898 0 
-0.801255 0.551986 0 2.63512 1.23173 0 
-0.804543 0.546607 0 2.63334 1.23447 0 
-0.807796 0.541205 0 2.63156 1.23722 0 
-0.811014 0.535779 0 2.62978 1.23996 0 
-0.814197 0.530331 0 2.62799 1.2427 0 
-0.817345 0.524859 0 2.6262 1.24544 0 
-0.820457 0.519365 0 2.6244 1.24817 0 
-0.823534 0.513849 0 2.6226 1.25091 0 
-0.826575 0.508311 0 2.62079 1.25364 0 
-0.82958 0.502751 0 2.61898 1.25637 0 
-0.832548 0.497169 0 2.61717 1.2591 0 
-0.835481 0.491566 0 2.61535 1.26183 0 
-0.838376 0.485941 0 2.61353 1.26455 0 
-0.841236 0.480295 0 2.6117 1.26727 0 
-0.844058 0.474629 0 2.60987 1.26999 0 
-0.846843 0.468942 0 2.60804 1.27271 0 
-0.849592 0.463235 0 2.6062 1.27543 0 
-0.852303 0.457507 0 2.60435 1.27814 0 
-0.854976 0.45176 0 2.60251 1.28086 0 
-0.857612 0.445993 0 2.60065 1.28357 0 
-0.86021 0.440207 0 2.5988 1.28627 0 
-0.86277 0.434401 0 2.59694 1.28898 0 
-0.865293 0.428576 0 2.59507 1.29168 0 
-0.867777 0.422733 0 2.5932 1.29438 0 
-0.870222 0.416871 0 2.59133 1.29708 0 
-0.872629 0.410991 0 2.58945 1.29978 0 
-0.874998 0.405093 0 2.58757 1.30248 0 
-0.877327 0.399178 0 2.58569 1.30517 0 
-0.879618 0.393244 0 2.5838 1.30786 0 
-0.88187 0.387294 0 2.5819 1.31055 0 
-0.884082 0.381326 0 2.58001 1.31324 0 
-0.886255 0.375342 0 2.5781 1.31592 0 
-0.888389 0.369341 0 2.5762 1.3186 0 
-0.890482 0.363323 0 2.57429 1.32129 0 
-0.892537 0.35729 0 2.57237 1.32396 0 
-0.894551 0.351241 0 2.57045 1.32664 0 
-0.896525 0.345176 0 2.56853 1.32931 0 
-0.898459 0.339096 0 2.5666 1.33199 0 
-0.900352 0.333001 0 2.56467 1.33466 0 
-0.902205 0.326891 0 2.56274 1.33732 0 
-0.904018 0.320767 0 2.5608 1.33999 0 
-0.90579 0.314628 0 2.55885 1.34265 0 
-0.907521 0.308476 0 2.5569 1.34531 0 
-0.909211 0.302309 0 2.55495 1.34797 0 
-0.91086 0.296129 0 2.55299 1.35063 0 
-0.912468 0.289936 0 2.55103 1.35328 0 
-0.914035 0.28373 0 2.54907 1.35593 0 
-0.91556 0.277512 0 2.5471 1.35858 0 
-0.917044 0.27128 0 2.54513 1.36123 0 
-0.918485 0.265037 0 2.54315 1.36388 0 
-0.919886 0.258782 0 2.54117 1.36652 0 
-0.921244 0.252515 0 2.53918 1.36916 0 
-0.92256 0.246237 0 2.53719 1.3718 0 
-0.923835 0.239947 0 2.5352 1.37444 0 
-0.925067 0.233647 0 2.5332 1.37707 0 
-0.926256 0.227337 0 2.53119 1.3797 0 
-0.927404 0.221016 0 2.52919 1.38233 0 
-0.928509 0.214685 0 2.52718 1.38496 0 
-0.929571 0.208344 0 2.52516 1.38758 0 
-0.930591 0.201994 0 2.52314 1.39021 0 
-0.931567 0.195635 0 2.52112 1.39283 0 
-0.932501 0.189267 0 2.51909 1.39544 0 
-0.933392 0.18289 0 2.51706 1.39806 0 
-0.93424 0.176505 0 2.51502 1.40067 0 
-0.935044 0.170112 0 2.51298 1.40328 0 
-0.935806 0.163712 0 2.51094 1.40589 0 
-0.936524 0.157304 0 2.50889 1.4085 0 
-0.937199 0.150888 0 2.50684 1.4111 0 
-0.93783 0.144466 0 2.50478 1.41371 0 
-0.938417 0.138037 0 2.50272 1.41631 0 
-0.938961 0.131602 0 2.50065 1.4189 0 
-0.939461 0.125161 0 2.49858 1.4215 0 
-0.939918 0.118715 0 2.49651 1.42409 0 
-0.94033 0.112262 0 2.49443 1.42668 0 
-0.940699 0.105805 0 2.49235 1.42927 0 
-0.941023 0.099343 0 2.49027 1.43185 0 
-0.941304 0.0928763 0 2.48818 1.43444 0 
-0.94154 0.0864054 0 2.48608 1.43702 0 
-0.941732 0.0799306 0 2.48398 1.43959 0 
-0.941879 0.0734521 0 2.48188 1.44217 0 
-0.941983 0.0669703 0 2.47977 1.44474 0 
-0.942042 0.0604854 0 2.47766 1.44731 0 
-0.942056 0.0539978 0 2.47555 1.44988 0 
-0.942026 0.0475077 0 2.47343 1.45245 0 
-0.941952 0.0410156 0 2.47131 1.45501 0 
-0.941833 0.0345216 0 2.46918 1.45757 0 
-0.941669 0.028026 0 2.46705 1.46013 0 
-0.941461 0.0215292 0 2.46491 1.46269 0 
-0.941207 0.0150316 0 2.46277 1.46524 0 
-0.940909 0.00853328 0 2.46063 1.46779 0 
-0.940566 0.00203468 0 2.45848 1.47034 0 
-0.940179 -0.0044639 0 2.45633 1.47289 0 
-0.939746 -0.0109622 0 2.45417 1.47543 0 
-0.939269 -0.0174598 0 2.45201 1.47798 0 
-0.938746 -0.0239565 0 2.44985 1.48051 0 
-0.938179 -0.030452 0 2.44768 1.48305 0 
-0.937566 -0.0369459 0 2.44551 1.48559 0 
-0.936909 -0.0434379 0 2.44333 1.48812 0 
-0.936206 -0.0499278 0 2.44115 1.49065 0 
-0.935458 -0.0564151 0 2.43896 1.49317 0 
-0.934665 -0.0628997 0 2.43677 1.4957 0 
-0.933828 -0.0693811 0 2.43458 1.49822 0 
-0.932944 -0.075859 0 2.43238 1.50074 0 
-0.932016 -0.0823332 0 2.43018 1.50325 0 
-0.931043 -0.0888033 0 2.42798 1.50577 0 
-0.930024 -0.0952691 0 2.42577 1.50828 0 
-0.928961 -0.10173 0 2.42355 1.51079 0 
-0.927852 -0.108186 0 2.42134 1.51329 0 
-0.926698 -0.114637 0 2.41911 1.5158 0 
-0.925499 -0.121082 0 2.41689 1.5183 0 
-0.924254 -0.127521 0 2.41466 1.5208 0 
-0.922965 -0.133953 0 2.41242 1.52329 0 
-0.92163 -0.140379 0 2.41018 1.52579 0 
-0.92025 -0.146798 0 2.40794 1.52828 0 
-0.918826 -0.15321 0 2.40569 1.53076 0 
-0.917356 -0.159614 0 2.40344 1.53325 0 
-0.91584 -0.166011 0 2.40119 1.53573 0 
-0.91428 -0.172399 0 2.39893 1.53821 0 
-0.912675 -0.178778 0 2.39667 1.54069 0 
-0.911025 -0.185149 0 2.3944 1.54317 0 
-0.90933 -0.19151 0 2.39213 1.54564 0 
-0.90759 -0.197862 0 2.38985 1.54811 0 
-0.905804 -0.204204 0 2.38757 1.55058 0 
-0.903974 -0.210536 0 2.38529 1.55304 0 
-0.9021 -0.216857 0 2.383 1.5555 0 
-0.90018 -0.223167 0 2.38071 1.55796 0 
-0.898216 -0.229466 0 2.37842 1.56042 0 
-0.896206 -0.235754 0 2.37612 1.56287 0 
-0.894152 -0.24203 0 2.37381 1.56532 0 
-0.892054 -0.248294 0 2.3715 1.56777 0 
-0.889911 -0.254545 0 2.36919 1.57022 0 
-0.887723 -0.260784 0 2.36688 1.57266 0 
-0.885491 -0.267009 0 2.36456 1.5751 0 
-0.883215 -0.273221 0 2.36223 1.57754 0 
-0.880894 -0.279419 0 2.3599 1.57997 0 
-0.878529 -0.285603 0 2.35757 1.5824 0 
-0.87612 -0.291773 0 2.35523 1.58483 0 
-0.873666 -0.297928 0 2.35289 1.58726 0 
-0.871169 -0.304068 0 2.35055 1.58968 0 
-0.868627 -0.310192 0 2.3482 1.59211 0 
-0.866042 -0.316301 0 2.34585 1.59452 0 
-0.863412 -0.322393 0 2.34349 1.59694 0 
-0.860739 -0.328469 0 2.34113 1.59935 0 
-0.858023 -0.334529 0 2.33876 1.60176 0 
-0.855262 -0.340571 0 2.3364 1.60417 0 
-0.852459 -0.346596 0 2.33402 1.60657 0 
-0.849611 -0.352604 0 2.33165 1.60898 0 
-0.846721 -0.358593 0 2.32926 1.61138 0 
-0.843787 -0.364564 0 2.32688 1.61377 0 
-0.84081 -0.370516 0 2.32449 1.61616 0 
-0.837791 -0.37645 0 2.3221 1.61856 0 
-0.834728 -0.382364 0 2.3197 1.62094 0 
-0.831622 -0.388258 0 2.3173 1.62333 0 
-0.828474 -0.394133 0 2.31489 1.62571 0 
-0.825283 -0.399987 0 2.31248 1.62809 0 
-0.82205 -0.40582 0 2.31007 1.63047 0 
-0.818774 -0.411633 0 2.30765 1.63284 0 
-0.815457 -0.417424 0 2.30523 1.63521 0 
-0.812097 -0.423194 0 2.30281 1.63758 0 
-0.808695 -0.428942 0 2.30038 1.63994 0 
-0.805251 -0.434668 0 2.29794 1.64231 0 
-0.801766 -0.440371 0 2.29551 1.64466 0 
-0.798239 -0.446051 0 2.29306 1.64702 0 
-0.794671 -0.451708 0 2.29062 1.64937 0 
-0.791061 -0.457342 0 2.28817 1.65173 0 
-0.78741 -0.462952 0 2.28571 1.65407 0 
-0.783719 -0.468537 0 2.28326 1.65642 0 
-0.779986 -0.474099 0 2.2808 1.65876 0 
-0.776213 -0.479635 0 2.27833 1.6611 0 
-0.772399 -0.485146 0 2.27586 1.66343 0 
-0.768545 -0.490632 0 2.27339 1.66577 0 
-0.76465 -0.496093 0 2.27091 1.6681 0 
-0.760715 -0.501527 0 2.26843 1.67043 0 
-0.756741 -0.506935 0 2.26594 1.67275 0 
-0.752727 -0.512316 0 2.26345 1.67507 0 
-0.748673 -0.517671 0 2.26096 1.67739 0 
-0.74458 -0.522998 0 2.25846 1.6797 0 
-0.740447 -0.528298 0 2.25596 1.68202 0 
-0.736276 -0.533569 0 2.25345 1.68433 0 
-0.732066 -0.538813 0 2.25094 1.68663 0 
-0.727817 -0.544028 0 2.24843 1.68894 0 
-0.723529 -0.549214 0 2.24591 1.69124 0 
-0.719203 -0.554372 0 2.24339 1.69353 0 
-0.714839 -0.559499 0 2.24086 1.69583 0 
-0.710437 -0.564598 0 2.23833 1.69812 0 
-0.705998 -0.569666 0 2.2358 1.70041 0 
-0.701521 -0.574704 0 2.23326 1.70269 0 
-0.697006 -0.579711 0 2.23072 1.70498 0 
-0.692454 -0.584687 0 2.22817 1.70726 0 
-0.687866 -0.589633 0 2.22562 1.70953 0 
-0.683241 -0.594546 0 2.22307 1.71181 0 
-0.678579 -0.599428 0 2.22051 1.71408 0 
-0.673881 -0.604279 0 2.21795 1.71634 0 
-0.669147 -0.609096 0 2.21539 1.71861 0 
-0.664376 -0.613881 0 2.21282 1.72087 0 
-0.659571 -0.618633 0 2.21024 1.72313 0 
-0.65473 -0.623352 0 2.20767 1.72538 0 
-0.649854 -0.628038 0 2.20508 1.72763 0 
-0.644942 -0.63269 0 2.2025 1.72988 0 
-0.639996 -0.637307 0 2.19991 1.73213 0 
-0.635016 -0.641891 0 2.19732 1.73437 0 
-0.630001 -0.646439 0 2.19472 1.73661 0 
-0.624953 -0.650953 0 2.19212 1.73884 0 
-0.61987 -0.655432 0 2.18951 1.74108 0 
-0.614754 -0.659876 0 2.1869 1.74331 0 
-0.609605 -0.664283 0 2.18429 1.74553 0 
-0.604422 -0.668655 0 2.18167 1.74776 0 
-0.599207 -0.672991 0 2.17905 1.74998 0 
-0.59396 -0.67729 0 2.17643 1.75219 0 
-0.58868 -0.681552 0 2.1738 1.75441 0 
-0.583368 -0.685777 0 2.17117 1.75662 0 
-0.578024 -0.689965 0 2.16853 1.75883 0 
-0.572649 -0.694116 0 2.16589 1.76103 0 
-0.567243 -0.698228 0 2.16325 1.76323 0 
-0.561805 -0.702303 0 2.1606 1.76543 0 
-0.556337 -0.706339 0 2.15794 1.76762 0 
-0.550839 -0.710337 0 2.15529 1.76982 0 
-0.54531 -0.714296 0 2.15263 1.772 0 
-0.539752 -0.718216 0 2.14996 1.77419 0 
-0.534164 -0.722097 0 2.1473 1.77637 0 
-0.528547 -0.725938 0 2.14462 1.77855 0 
-0.5229 -0.72974 0 2.14195 1.78073 0 
-0.517225 -0.733501 0 2.13927 1.7829 0 
-0.511522 -0.737222 0 2.13658 1.78507 0 
-0.50579 -0.740903 0 2.1339 1.78723 0 
-0.500031 -0.744543 0 2.1312 1.7894 0 
-0.494244 -0.748142 0 2.12851 1.79155 0 
-0.488429 -0.7517 0 2.12581 1.79371 0 
-0.482588 -0.755217 0 2.12311 1.79586 0 
-0.47672 -0.758692 0 2.1204 1.79801 0 
-0.470826 -0.762125 0 2.11769 1.80016 0 
-0.464906 -0.765516 0 2.11497 1.8023 0 
-0.45896 -0.768865 0 2.11226 1.80444 0 
-0.452988 -0.772171 0 2.10953 1.80658 0 
-0.446992 -0.775435 0 2.10681 1.80871 0 
-0.44097 -0.778656 0 2.10408 1.81084 0 
-0.434925 -0.781833 0 2.10134 1.81296 0 
-0.428855 -0.784968 0 2.0986 1.81509 0 
-0.422761 -0.788059 0 2.09586 1.81721 0 
-0.416643 -0.791106 0 2.09311 1.81932 0 
-0.410503 -0.794109 0 2.09036 1.82143 0 
-0.404339 -0.797069 0 2.08761 1.82354 0 
-0.398153 -0.799984 0 2.08485 1.82565 0 
-0.391945 -0.802854 0 2.08209 1.82775 0 
-0.385715 -0.80568 0 2.07933 1.82985 0 
-0.379463 -0.808461 0 2.07656 1.83195 0 
-0.373191 -0.811197 0 2.07378 1.83404 0 
-0.366897 -0.813888 0 2.07101 1.83613 0 
-0.360583 -0.816534 0 2.06823 1.83821 0 
-0.354248 -0.819134 0 2.06544 1.8403 0 
-0.347894 -0.821688 0 2.06265 1.84237 0 
-0.34152 -0.824196 0 2.05986 1.84445 0 
-0.335127 -0.826659 0 2.05706 1.84652 0 
-0.328715 -0.829075 0 2.05426 1.84859 0 
-0.322285 -0.831445 0 2.05146 1.85065 0 
-0.315836 -0.833768 0 2.04865 1.85272 0 
-0.30937 -0.836045 0 2.04584 1.85477 0 
-0.302886 -0.838275 0 2.04303 1.85683 0 
-0.296386 -0.840458 0 2.04021 1.85888 0 
-0.289868 -0.842594 0 2.03738 1.86093 0 
-0.283334 -0.844683 0 2.03456 1.86297 0 
-0.276784 -0.846724 0 2.03173 1.86501 0 
-0.270219 -0.848718 0 2.02889 1.86705 0 
-0.263638 -0.850664 0 2.02605 1.86908 0 
-0.257043 -0.852562 0 2.02321 1.87111 0 
-0.250433 -0.854413 0 2.02037 1.87314 0 
-0.243808 -0.856215 0 2.01752 1.87516 0 
-0.23717 -0.85797 0 2.01466 1.87718 0 
-0.230518 -0.859676 0 2.0118 1.87919 0 
-0.223854 -0.861334 0 2.00894 1.88121 0 
-0.217176 -0.862943 0 2.00608 1.88321 0 
-0.210486 -0.864504 0 2.00321 1.88522 0 
-0.203785 -0.866016 0 2.00034 1.88722 0 
-0.197071 -0.867479 0 1.99746 1.88922 0 
-0.190347 -0.868894 0 1.99458 1.89121 0 
-0.183611 -0.870259 0 1.9917 1.8932 0 
-0.176865 -0.871576 0 1.98881 1.89519 0 
-0.170109 -0.872843 0 1.98592 1.89717 0 
-0.163343 -0.874061 0 1.98302 1.89915 0 
-0.156568 -0.87523 0 1.98012 1.90113 0 
-0.149784 -0.876349 0 1.97722 1.9031 0 
-0.142991 -0.877419 0 1.97431 1.90507 0 
-0.136191 -0.87844 0 1.9714 1.90704 0 
-0.129382 -0.87941 0 1.96849 1.909 0 
-0.122566 -0.880331 0 1.96557 1.91096 0 
-0.115742 -0.881203 0 1.96265 1.91291 0 
-0.108912 -0.882024 0 1.95972 1.91486 0 
-0.102076 -0.882796 0 1.95679 1.91681 0 
-0.0952341 -0.883518 0 1.95386 1.91875 0 
-0.0883864 -0.88419 0 1.95092 1.92069 0 
-0.0815336 -0.884812 0 1.94798 1.92263 0 
-0.074676 -0.885384 0 1.94504 1.92456 0 
-0.0678141 -0.885906 0 1.94209 1.92649 0 
-0.0609481 -0.886377 0 1.93914 1.92841 0 
-0.0540786 -0.886799 0 1.93618 1.93033 0 
-0.0472058 -0.88717 0 1.93322 1.93225 0 
-0.0403302 -0.887491 0 1.93026 1.93416 0 
-0.0334522 -0.887762 0 1.92729 1.93607 0 
-0.0265721 -0.887983 0 1.92432 1.93798 0 
-0.0196904 -0.888154 0 1.92135 1.93988 0 
-0.0128073 -0.888274 0 1.91837 1.94178 0 
-0.00592339 -0.888344 0 1.91539 1.94368 0 
0.000961045 -0.888364 0 1.9124 1.94557 0 
0.00784559 -0.888333 0 1.90941 1.94745 0 
0.0147299 -0.888252 0 1.90642 1.94934 0 
0.0216135 -0.888121 0 1.90343 1.95122 0 
0.0284961 -0.88794 0 1.90042 1.95309 0 
0.0353772 -0.887708 0 1.89742 1.95497 0 
0.0422565 -0.887427 0 1.89441 1.95683 0 
0.0491336 -0.887094 0 1.8914 1.9587 0 
0.0560081 -0.886712 0 1.88839 1.96056 0 
0.0628796 -0.88628 0 1.88537 1.96242 0 
0.0697478 -0.885797 0 1.88235 1.96427 0 
0.0766122 -0.885265 0 1.87932 1.96612 0 
0.0834724 -0.884682 0 1.87629 1.96796 0 
0.0903281 -0.884049 0 1.87326 1.9698 0 
0.0971789 -0.883366 0 1.87022 1.97164 0 
0.104024 -0.882633 0 1.86718 1.97348 0 
0.110864 -0.881851 0 1.86413 1.97531 0 
0.117698 -0.881018 0 1.86108 1.97713 0 
0.124525 -0.880136 0 1.85803 1.97895 0 
0.131346 -0.879204 0 1.85498 1.98077 0 
0.138159 -0.878222 0 1.85192 1.98258 0 
0.144965 -0.877191 0 1.84886 1.9844 0 
0.151762 -0.87611 0 1.84579 1.9862 0 
0.158552 -0.87498 0 1.84272 1.988 0 
0.165332 -0.8738 0 1.83964 1.9898 0 
0.172104 -0.872571 0 1.83657 1.9916 0 
0.178866 -0.871292 0 1.83349 1.99339 0 
0.185618 -0.869965 0 1.8304 1.99517 0 
0.192359 -0.868588 0 1.82731 1.99696 0 
0.199091 -0.867163 0 1.82422 1.99873 0 
0.205811 -0.865688 0 1.82112 2.00051 0 
0.21252 -0.864165 0 1.81803 2.00228 0 
0.219217 -0.862593 0 1.81492 2.00405 0 
0.225902 -0.860972 0 1.81182 2.00581 0 
0.232574 -0.859303 0 1.80871 2.00757 0 
0.239234 -0.857586 0 1.80559 2.00932 0 
0.24588 -0.85582 0 1.80247 2.01107 0 
0.252513 -0.854006 0 1.79935 2.01282 0 
0.259132 -0.852145 0 1.79623 2.01456 0 
0.265737 -0.850235 0 1.7931 2.0163 0 
0.272327 -0.848277 0 1.78997 2.01803 0 
0.278901 -0.846272 0 1.78683 2.01976 0 
0.285461 -0.844219 0 1.78369 2.02149 0 
0.292004 -0.842119 0 1.78055 2.02321 0 
0.298532 -0.839972 0 1.7774 2.02493 0 
0.305043 -0.837777 0 1.77425 2.02665 0 
0.311537 -0.835536 0 1.7711 2.02836 0 
0.318014 -0.833248 0 1.76794 2.03006 0 
0.324474 -0.830913 0 1.76478 2.03176 0 
0.330915 -0.828531 0 1.76162 2.03346 0 
0.337339 -0.826103 0 1.75845 2.03515 0 
0.343743 -0.823629 0 1.75528 2.03684 0 
0.350129 -0.821109 0 1.75211 2.03853 0 
0.356496 -0.818543 0 1.74893 2.04021 0 
0.362843 -0.815931 0 1.74574 2.04189 0 
0.36917 -0.813274 0 1.74256 2.04356 0 
0.375476 -0.810572 0 1.73937 2.04523 0 
0.381762 -0.807824 0 1.73618 2.04689 0 
0.388028 -0.805031 0 1.73298 2.04855 0 
0.394271 -0.802193 0 1.72978 2.05021 0 
0.400493 -0.799311 0 1.72658 2.05186 0 
0.406693 -0.796384 0 1.72337 2.05351 0 
0.412871 -0.793412 0 1.72016 2.05515 0 
0.419026 -0.790397 0 1.71695 2.05679 0 
0.425159 -0.787338 0 1.71373 2.05843 0 
0.431268 -0.784235 0 1.71051 2.06006 0 
0.437353 -0.781089 0 1.70728 2.06168 0 
0.443414 -0.777899 0 1.70406 2.06331 0 
0.449452 -0.774666 0 1.70082 2.06492 0 
0.455464 -0.77139 0 1.69759 2.06654 0 
0.461452 -0.768072 0 1.69435 2.06815 0 
0.467415 -0.764711 0 1.69111 2.06975 0 
0.473352 -0.761307 0 1.68786 2.07135 0 
0.479263 -0.757862 0 1.68462 2.07295 0 
0.485148 -0.754375 0 1.68136 2.07454 0 
0.491007 -0.750846 0 1.67811 2.07613 0 
0.496839 -0.747276 0 1.67485 2.07771 0 
0.502645 -0.743664 0 1.67158 2.07929 0 
0.508422 -0.740012 0 1.66832 2.08087 0 
0.514173 -0.736319 0 1.66505 2.08244 0 
0.519895 -0.732586 0 1.66177 2.08401 0 
0.525589 -0.728812 0 1.6585 2.08557 0 
0.531255 -0.724998 0 1.65522 2.08713 0 
0.536892 -0.721144 0 1.65193 2.08868 0 
0.5425 -0.717251 0 1.64865 2.09023 0 
0.548079 -0.713319 0 1.64536 2.09177 0 
0.553628 -0.709347 0 1.64206 2.09331 0 
0.559147 -0.705337 0 1.63876 2.09485 0 
0.564636 -0.701288 0 1.63546 2.09638 0 
0.570095 -0.697201 0 1.63216 2.09791 0 
0.575523 -0.693076 0 1.62885 2.09943 0 
0.58092 -0.688913 0 1.62554 2.10095 0 
0.586286 -0.684713 0 1.62223 2.10246 0 
0.591621 -0.680475 0 1.61891 2.10397 0 
0.596923 -0.6762 0 1.61559 2.10548 0 
0.602194 -0.671888 0 1.61226 2.10698 0 
0.607433 -0.66754 0 1.60893 2.10847 0 
0.612639 -0.663156 0 1.6056 2.10997 0 
0.617812 -0.658736 0 1.60227 2.11145 0 
0.622952 -0.65428 0 1.59893 2.11294 0 
0.62806 -0.649789 0 1.59559 2.11441 0 
0.633133 -0.645262 0 1.59224 2.11589 0 
0.638173 -0.640701 0 1.58889 2.11736 0 
0.643179 -0.636105 0 1.58554 2.11882 0 
0.648151 -0.631474 0 1.58218 2.12028 0 
0.653089 -0.62681 0 1.57883 2.12174 0 
0.657992 -0.622112 0 1.57546 2.12319 0 
0.66286 -0.61738 0 1.5721 2.12463 0 
0.667693 -0.612616 0 1.56873 2.12608 0 
0.67249 -0.607818 0 1.56536 2.12751 0 
0.677252 -0.602988 0 1.56198 2.12895 0 
0.681979 -0.598125 0 1.5586 2.13038 0 
0.686669 -0.59323 0 1.55522 2.1318 0 
0.691324 -0.588304 0 1.55183 2.13322 0 
0.695942 -0.583346 0 1.54844 2.13463 0 
0.700523 -0.578357 0 1.54505 2.13604 0 
0.705068 -0.573337 0 1.54166 2.13745 0 
0.709575 -0.568286 0 1.53826 2.13885 0 
0.714046 -0.563205 0 1.53486 2.14025 0 
0.718479 -0.558095 0 1.53145 2.14164 0 
0.722875 -0.552954 0 1.52804 2.14302 0 
0.727233 -0.547784 0 1.52463 2.14441 0 
0.731553 -0.542585 0 1.52121 2.14578 0 
0.735835 -0.537357 0 1.51779 2.14716 0 
0.740078 -0.532101 0 1.51437 2.14853 0 
0.744284 -0.526817 0 1.51095 2.14989 0 
0.74845 -0.521504 0 1.50752 2.15125 0 
0.752578 -0.516165 0 1.50409 2.1526 0 
0.756667 -0.510797 0 1.50065 2.15395 0 
0.760716 -0.505403 0 1.49721 2.1553 0 
0.764727 -0.499983 0 1.49377 2.15664 0 
0.768698 -0.494536 0 1.49033 2.15797 0 
0.772629 -0.489063 0 1.48688 2.1593 0 
0.776521 -0.483564 0 1.48343 2.16063 0 
0.780372 -0.47804 0 1.47997 2.16195 0 
0.784184 -0.47249 0 1.47651 2.16327 0 
0.787955 -0.466916 0 1.47305 2.16458 0 
0.791686 -0.461318 0 1.46959 2.16589 0 
0.795376 -0.455695 0 1.46612 2.16719 0 
0.799026 -0.450049 0 1.46265 2.16849 0 
0.802635 -0.444379 0 1.45917 2.16978 0 
0.806203 -0.438686 0 1.4557 2.17107 0 
0.80973 -0.43297 0 1.45221 2.17235 0 
0.813216 -0.427231 0 1.44873 2.17363 0 
0.816661 -0.42147 0 1.44524 2.1749 0 
0.820064 -0.415688 0 1.44175 2.17617 0 
0.823426 -0.409883 0 1.43826 2.17743 0 
0.826746 -0.404058 0 1.43476 2.17869 0 
0.830024 -0.398211 0 1.43126 2.17995 0 
0.83326 -0.392344 0 1.42776 2.1812 0 
0.836454 -0.386456 0 1.42425 2.18244 0 
0.839607 -0.380549 0 1.42074 2.18368 0 
0.842717 -0.374622 0 1.41723 2.18492 0 
0.845784 -0.368675 0 1.41372 2.18615 0 
0.84881 -0.362709 0 1.4102 2.18737 0 
0.851792 -0.356725 0 1.40667 2.18859 0 
0.854733 -0.350722 0 1.40315 2.18981 0 
0.85763 -0.344701 0 1.39962 2.19102 0 
0.860485 -0.338663 0 1.39609 2.19222 0 
0.863297 -0.332607 0 1.39255 2.19342 0 
0.866066 -0.326534 0 1.38902 2.19462 0 
0.868792 -0.320444 0 1.38548 2.19581 0 
0.871475 -0.314338 0 1.38193 2.19699 0 
0.874115 -0.308215 0 1.37838 2.19817 0 
0.876711 -0.302077 0 1.37483 2.19935 0 
0.879264 -0.295923 0 1.37128 2.20052 0 
0.881774 -0.289754 0 1.36772 2.20169 0 
0.884241 -0.28357 0 1.36416 2.20285 0 
0.886664 -0.277372 0 1.3606 2.204 0 
0.889043 -0.27116 0 1.35704 2.20515 0 
0.891379 -0.264933 0 1.35347 2.2063 0 
0.893671 -0.258693 0 1.34989 2.20744 0 
0.895919 -0.25244 0 1.34632 2.20857 0 
0.898124 -0.246174 0 1.34274 2.20971 0 
0.900285 -0.239895 0 1.33916 2.21083 0 
0.902402 -0.233604 0 1.33558 2.21195 0 
0.904475 -0.227301 0 1.33199 2.21307 0 
0.906504 -0.220987 0 1.3284 2.21418 0 
0.908489 -0.214661 0 1.3248 2.21528 0 
0.910431 -0.208324 0 1.32121 2.21638 0 
0.912328 -0.201976 0 1.31761 2.21748 0 
0.914181 -0.195618 0 1.31401 2.21857 0 
0.91599 -0.189251 0 1.3104 2.21965 0 
0.917755 -0.182873 0 1.30679 2.22073 0 
0.919476 -0.176486 0 1.30318 2.22181 0 
0.921153 -0.17009 0 1.29956 2.22288 0 
0.922785 -0.163685 0 1.29595 2.22394 0 
0.924374 -0.157271 0 1.29233 2.225 0 
0.925918 -0.15085 0 1.2887 2.22605 0 
0.927418 -0.144421 0 1.28508 2.2271 0 
0.928874 -0.137984 0 1.28145 2.22815 0 
0.930286 -0.13154 0 1.27781 2.22918 0 
0.931654 -0.125089 0 1.27418 2.23022 0 
0.932977 -0.118631 0 1.27054 2.23125 0 
0.934256 -0.112168 0 1.2669 2.23227 0 
0.935491 -0.105698 0 1.26325 2.23329 0 
0.936682 -0.0992227 0 1.25961 2.2343 0 
0.937828 -0.0927421 0 1.25596 2.23531 0 
0.938931 -0.0862564 0 1.2523 2.23631 0 
0.939989 -0.0797661 0 1.24865 2.23731 0 
0.941004 -0.0732714 0 1.24499 2.2383 0 
0.941974 -0.0667726 0 1.24133 2.23928 0 
0.9429 -0.06027 0 1.23766 2.24026 0 
0.943782 -0.0537639 0 1.23399 2.24124 0 
0.94462 -0.0472547 0 1.23032 2.24221 0 
0.945414 -0.0407425 0 1.22665 2.24318 0 
0.946164 -0.0342279 0 1.22297 2.24414 0 
0.94687 -0.0277109 0 1.21929 2.24509 0 
0.947532 -0.021192 0 1.21561 2.24604 0 
0.948151 -0.0146715 0 1.21192 2.24698 0 
0.948725 -0.00814956 0 1.20824 2.24792 0 
0.949256 -0.00162658 0 1.20454 2.24886 0 
0.949743 0.00489716 0 1.20085 2.24978 0 
0.950186 0.0114214 0 1.19715 2.25071 0 
0.950586 0.0179457 0 1.19345 2.25162 0 
0.950942 0.02447 0 1.18975 2.25253 0 
0.951255 0.0309938 0 1.18605 2.25344 0 
0.951524 0.037517 0 1.18234 2.25434 0 
0.951749 0.0440391 0 1.17863 2.25524 0 
0.951932 0.0505599 0 1.17491 2.25613 0 
0.952071 0.0570791 0 1.1712 2.25701 0 
0.952166 0.0635965 0 1.16748 2.25789 0 
0.952219 0.0701117 0 1.16376 2.25877 0 
0.952228 0.0766245 0 1.16003 2.25964 0 
0.952195 0.0831345 0 1.1563 2.2605 0 
0.952118 0.0896415 0 1.15257 2.26136 0 
0.951999 0.0961452 0 1.14884 2.26221 0 
0.951836 0.102645 0 1.1451 2.26305 0 
0.951631 0.109142 0 1.14136 2.2639 0 
0.951384 0.115634 0 1.13762 2.26473 0 
0.951093 0.122121 0 1.13388 2.26556 0 
0.95076 0.128604 0 1.13013 2.26639 0 
0.950385 0.135082 0 1.12638 2.26721 0 
0.949967 0.141555 0 1.12263 2.26802 0 
0.949507 0.148022 0 1.11887 2.26883 0 
0.949005 0.154484 0 1.11511 2.26963 0 
0.948461 0.160939 0 1.11135 2.27043 0 
0.947875 0.167388 0 1.10759 2.27122 0 
0.947247 0.17383 0 1.10382 2.27201 0 
0.946577 0.180266 0 1.10005 2.27279 0 
0.945865 0.186694 0 1.09628 2.27356 0 
0.945112 0.193115 0 1.09251 2.27433 0 
0.944317 0.199528 0 1.08873 2.27509 0 
0.943481 0.205934 0 1.08495 2.27585 0 
0.942604 0.212331 0 1.08117 2.2766 0 
0.941685 0.21872 0 1.07738 2.27735 0 
0.940725 0.225099 0 1.0736 2.27809 0 
0.939725 0.23147 0 1.06981 2.27883 0 
0.938683 0.237832 0 1.06601 2.27956 0 
0.937601 0.244184 0 1.06222 2.28028 0 
0.936478 0.250527 0 1.05842 2.281 0 
0.935314 0.256859 0 1.05462 2.28171 0 
0.93411 0.263181 0 1.05081 2.28242 0 
0.932866 0.269493 0 1.04701 2.28312 0 
0.931582 0.275794 0 1.0432 2.28382 0 
0.930257 0.282084 0 1.03939 2.28451 0 
0.928893 0.288363 0 1.03557 2.2852 0 
0.927488 0.29463 0 1.03176 2.28587 0 
0.926045 0.300886 0 1.02794 2.28655 0 
0.924561 0.307129 0 1.02412 2.28721 0 
0.923038 0.31336 0 1.02029 2.28788 0 
0.921476 0.319579 0 1.01646 2.28853 0 
0.919875 0.325785 0 1.01263 2.28918 0 
0.918234 0.331979 0 1.0088 2.28983 0 
0.916555 0.338159 0 1.00497 2.29047 0 
0.914837 0.344326 0 1.00113 2.2911 0 
0.91308 0.350479 0 0.997291 2.29173 0 
0.911285 0.356618 0 0.993449 2.29235 0 
0.909452 0.362743 0 0.989604 2.29296 0 
0.90758 0.368854 0 0.985757 2.29357 0 
0.90567 0.37495 0 0.981908 2.29418 0 
0.903723 0.381032 0 0.978055 2.29477 0 
0.901737 0.387099 0 0.974201 2.29537 0 
0.899714 0.39315 0 0.970344 2.29595 0 
0.897653 0.399186 0 0.966484 2.29653 0 
0.895555 0.405206 0 0.962622 2.29711 0 
0.89342 0.411211 0 0.958757 2.29768 0 
0.891248 0.417199 0 0.954891 2.29824 0 
0.889039 0.423172 0 0.951021 2.2988 0 
0.886793 0.429127 0 0.947149 2.29935 0 
0.884511 0.435066 0 0.943275 2.29989 0 
0.882192 0.440988 0 0.939398 2.30043 0 
0.879837 0.446893 0 0.935519 2.30097 0 
0.877446 0.452781 0 0.931638 2.30149 0 
0.875019 0.458651 0 0.927754 2.30202 0 
0.872556 0.464503 0 0.923867 2.30253 0 
0.870057 0.470338 0 0.919979 2.30304 0 
0.867523 0.476154 0 0.916087 2.30354 0 
0.864954 0.481952 0 0.912194 2.30404 0 
