-5.9276903e-05 -5.9276903e-05
-5.9265203e-05 -5.9276903e-05
-5.9253505e-05 -5.9276903e-05
-5.9241807e-05 -5.9276903e-05
-5.9230112e-05 -5.9276903e-05
-5.9218417e-05 -5.9276903e-05
-5.9206725e-05 -5.9276903e-05
-5.9195034e-05 -5.9276903e-05
-5.9183344e-05 -5.9276903e-05
-5.9171656e-05 -5.9276903e-05
-5.915997e-05 -5.9276903e-05
-5.9148286e-05 -5.9276903e-05
-5.9136604e-05 -5.9276903e-05
-5.9124923e-05 -5.9276903e-05
-5.9113245e-05 -5.9276903e-05
-5.9101569e-05 -5.9276903e-05
-5.9089895e-05 -5.9276903e-05
-5.9078224e-05 -5.9276903e-05
-5.9066555e-05 -5.9276903e-05
-5.9054888e-05 -5.9276903e-05
-5.9043225e-05 -5.9276903e-05
-5.9031564e-05 -5.9276903e-05
-5.9019907e-05 -5.9276903e-05
-5.9008252e-05 -5.9276903e-05
-5.8996601e-05 -5.9276903e-05
-5.8984954e-05 -5.9276903e-05
-5.897331e-05 -5.9276903e-05
-5.896167e-05 -5.9276903e-05
-5.8950034e-05 -5.9276903e-05
-5.8938402e-05 -5.9276903e-05
-5.8926775e-05 -5.9276903e-05
-5.8915152e-05 -5.9276903e-05
-5.8903534e-05 -5.9276903e-05
-5.8891921e-05 -5.9276903e-05
-5.8880313e-05 -5.9276903e-05
-5.8868711e-05 -5.9276903e-05
-5.8857114e-05 -5.9276903e-05
-5.8845523e-05 -5.9276903e-05
-5.8833938e-05 -5.9276903e-05
-5.8822359e-05 -5.9276903e-05
-5.8810787e-05 -5.9276903e-05
-5.8799221e-05 -5.9276903e-05
-5.8787663e-05 -5.9276903e-05
-5.8776111e-05 -5.9276903e-05
-5.8764567e-05 -5.9276903e-05
-5.875303e-05 -5.9276903e-05
-5.8741502e-05 -5.9276903e-05
-5.8729981e-05 -5.9276903e-05
-5.8718469e-05 -5.9276903e-05
-5.8706965e-05 -5.9276903e-05
-5.8695469e-05 -5.9276903e-05
-5.8683983e-05 -5.9276903e-05
-5.8672506e-05 -5.9276903e-05
-5.8661038e-05 -5.9276903e-05
-5.864958e-05 -5.9276903e-05
-5.8638132e-05 -5.9276903e-05
-5.8626694e-05 -5.9276903e-05
-5.8615266e-05 -5.9276903e-05
-5.8603849e-05 -5.9276903e-05
-5.8592442e-05 -5.9276903e-05
-5.8581046e-05 -5.9276903e-05
-5.8569662e-05 -5.9276903e-05
-5.8558289e-05 -5.9276903e-05
-5.8546927e-05 -5.9276903e-05
-5.8535577e-05 -5.9276903e-05
-5.8524239e-05 -5.9276903e-05
-5.8512913e-05 -5.9276903e-05
-5.85016e-05 -5.9276903e-05
-5.8490299e-05 -5.9276903e-05
-5.847901e-05 -5.9276903e-05
-5.8467735e-05 -5.9276903e-05
-5.8456472e-05 -5.9276903e-05
-5.8445223e-05 -5.9276903e-05
-5.8433987e-05 -5.9276903e-05
-5.8422765e-05 -5.9276903e-05
-5.8411556e-05 -5.9276903e-05
-5.8400361e-05 -5.9276903e-05
-5.8389179e-05 -5.9276903e-05
-5.8378012e-05 -5.9276903e-05
-5.8366859e-05 -5.9276903e-05
-5.835572e-05 -5.9276903e-05
-5.8344596e-05 -5.9276903e-05
-5.8333486e-05 -5.9276903e-05
-5.8322391e-05 -5.9276903e-05
-5.831131e-05 -5.9276903e-05
-5.8300244e-05 -5.9276903e-05
-5.8289193e-05 -5.9276903e-05
-5.8278157e-05 -5.9276903e-05
-5.8267136e-05 -5.9276903e-05
-5.8256129e-05 -5.9276903e-05
-5.8245138e-05 -5.9276903e-05
-5.8234162e-05 -5.9276903e-05
-5.8223201e-05 -5.9276903e-05
-5.8212256e-05 -5.9276903e-05
-5.8201325e-05 -5.9276903e-05
-5.819041e-05 -5.9276903e-05
-5.817951e-05 -5.9276903e-05
-5.8168625e-05 -5.9276903e-05
-5.8157756e-05 -5.9276903e-05
-5.8146901e-05 -5.9276903e-05
-5.8136062e-05 -5.9276903e-05
-5.8125238e-05 -5.9276903e-05
-5.8114429e-05 -5.9276903e-05
-5.8103636e-05 -5.9276903e-05
-5.8092857e-05 -5.9276903e-05
-5.8082094e-05 -5.9276903e-05
-5.8071345e-05 -5.9276903e-05
-5.8060611e-05 -5.9276903e-05
-5.8049892e-05 -5.9276903e-05
-5.8039188e-05 -5.9276903e-05
-5.8028499e-05 -5.9276903e-05
-5.8017824e-05 -5.9276903e-05
-5.8007164e-05 -5.9276903e-05
-5.7996518e-05 -5.9276903e-05
-5.7985886e-05 -5.9276903e-05
-5.7975268e-05 -5.9276903e-05
-5.7964665e-05 -5.9276903e-05
-5.7954076e-05 -5.9276903e-05
-5.79435e-05 -5.9276903e-05
-5.7932938e-05 -5.9276903e-05
-5.792239e-05 -5.9276903e-05
-5.7911855e-05 -5.9276903e-05
-5.7901333e-05 -5.9276903e-05
-5.7890825e-05 -5.9276903e-05
-5.788033e-05 -5.9276903e-05
-5.7869847e-05 -5.9276903e-05
-5.7859377e-05 -5.9276903e-05
-5.784892e-05 -5.9276903e-05
-5.7838475e-05 -5.9276903e-05
-5.7828042e-05 -5.9276903e-05
-5.7817621e-05 -5.9276903e-05
-5.7807212e-05 -5.9276903e-05
-5.7796814e-05 -5.9276903e-05
-5.7786428e-05 -5.9276903e-05
-5.7776054e-05 -5.9276903e-05
-5.776569e-05 -5.9276903e-05
-5.7755338e-05 -5.9276903e-05
-5.7744996e-05 -5.9276903e-05
-5.7734664e-05 -5.9276903e-05
-5.7724343e-05 -5.9276903e-05
-5.7714032e-05 -5.9276903e-05
-5.7703731e-05 -5.9276903e-05
-5.769344e-05 -5.9276903e-05
-5.7683158e-05 -5.9276903e-05
-5.7672885e-05 -5.9276903e-05
-5.7662622e-05 -5.9276903e-05
-5.7652367e-05 -5.9276903e-05
-5.7642121e-05 -5.9276903e-05
-5.7631884e-05 -5.9276903e-05
-5.7621655e-05 -5.9276903e-05
-5.7611434e-05 -5.9276903e-05
-5.7601221e-05 -5.9276903e-05
-5.7591016e-05 -5.9276903e-05
-5.7580818e-05 -5.9276903e-05
-5.7570627e-05 -5.9276903e-05
-5.7560443e-05 -5.9276903e-05
-5.7550266e-05 -5.9276903e-05
-5.7540096e-05 -5.9276903e-05
-5.7529932e-05 -5.9276903e-05
-5.7519775e-05 -5.9276903e-05
-5.7509623e-05 -5.9276903e-05
-5.7499478e-05 -5.9276903e-05
-5.7489338e-05 -5.9276903e-05
-5.7479203e-05 -5.9276903e-05
-5.7469074e-05 -5.9276903e-05
-5.7458949e-05 -5.9276903e-05
-5.744883e-05 -5.9276903e-05
-5.7438715e-05 -5.9276903e-05
-5.7428605e-05 -5.9276903e-05
-5.7418499e-05 -5.9276903e-05
-5.7408398e-05 -5.9276903e-05
-5.73983e-05 -5.9276903e-05
-5.7388206e-05 -5.9276903e-05
-5.7378116e-05 -5.9276903e-05
-5.7368029e-05 -5.9276903e-05
-5.7357945e-05 -5.9276903e-05
-5.7347865e-05 -5.9276903e-05
-5.7337788e-05 -5.9276903e-05
-5.7327713e-05 -5.9276903e-05
-5.7317641e-05 -5.9276903e-05
-5.7307572e-05 -5.9276903e-05
-5.7297505e-05 -5.9276903e-05
-5.7287441e-05 -5.9276903e-05
-5.7277378e-05 -5.9276903e-05
-5.7267318e-05 -5.9276903e-05
-5.7257259e-05 -5.9276903e-05
-5.7247203e-05 -5.9276903e-05
-5.7237148e-05 -5.9276903e-05
-5.7227094e-05 -5.9276903e-05
-5.7217042e-05 -5.9276903e-05
-5.7206992e-05 -5.9276903e-05
-5.7196943e-05 -5.9276903e-05
-5.7186895e-05 -5.9276903e-05
-5.7176848e-05 -5.9276903e-05
-5.7166802e-05 -5.9276903e-05
-5.7156757e-05 -5.9276903e-05
-5.7146713e-05 -5.9276903e-05
-5.713667e-05 -5.9276903e-05
-5.7126627e-05 -5.9276903e-05
-5.7116586e-05 -5.9276903e-05
-5.7106545e-05 -5.9276903e-05
-5.7096505e-05 -5.9276903e-05
-5.7086465e-05 -5.9276903e-05
-5.7076426e-05 -5.9276903e-05
-5.7066388e-05 -5.9276903e-05
-5.705635e-05 -5.9276903e-05
-5.7046313e-05 -5.9276903e-05
-5.7036276e-05 -5.9276903e-05
-5.702624e-05 -5.9276903e-05
-5.7016205e-05 -5.9276903e-05
-5.700617e-05 -5.9276903e-05
-5.6996135e-05 -5.9276903e-05
-5.6986102e-05 -5.9276903e-05
-5.6976069e-05 -5.9276903e-05
-5.6966037e-05 -5.9276903e-05
-5.6956005e-05 -5.9276903e-05
-5.6945974e-05 -5.9276903e-05
-5.6935944e-05 -5.9276903e-05
-5.6925915e-05 -5.9276903e-05
-5.6915887e-05 -5.9276903e-05
-5.690586e-05 -5.9276903e-05
-5.6895835e-05 -5.9276903e-05
-5.688581e-05 -5.9276903e-05
-5.6875787e-05 -5.9276903e-05
-5.6865765e-05 -5.9276903e-05
-5.6855744e-05 -5.9276903e-05
-5.6845725e-05 -5.9276903e-05
-5.6835708e-05 -5.9276903e-05
-5.6825692e-05 -5.9276903e-05
-5.6815679e-05 -5.9276903e-05
-5.6805667e-05 -5.9276903e-05
-5.6795657e-05 -5.9276903e-05
-5.678565e-05 -5.9276903e-05
-5.6775645e-05 -5.9276903e-05
-5.6765643e-05 -5.9276903e-05
-5.6755643e-05 -5.9276903e-05
-5.6745647e-05 -5.9276903e-05
-5.6735653e-05 -5.9276903e-05
-5.6725662e-05 -5.9276903e-05
-5.6715674e-05 -5.9276903e-05
-5.670569e-05 -5.9276903e-05
-5.669571e-05 -5.9276903e-05
-5.6685733e-05 -5.9276903e-05
-5.667576e-05 -5.9276903e-05
-5.6665791e-05 -5.9276903e-05
-5.6655826e-05 -5.9276903e-05
-5.6645866e-05 -5.9276903e-05
-5.663591e-05 -5.9276903e-05
-5.6625959e-05 -5.9276903e-05
-5.6616013e-05 -5.9276903e-05
-5.6606072e-05 -5.9276903e-05
-5.6596137e-05 -5.9276903e-05
-5.6586206e-05 -5.9276903e-05
-5.6576282e-05 -5.9276903e-05
-5.6566363e-05 -5.9276903e-05
-5.655645e-05 -5.9276903e-05
-5.6546544e-05 -5.9276903e-05
-5.6536643e-05 -5.9276903e-05
-5.652675e-05 -5.9276903e-05
-5.6516862e-05 -5.9276903e-05
-5.6506982e-05 -5.9276903e-05
-5.6497109e-05 -5.9276903e-05
-5.6487243e-05 -5.9276903e-05
-5.6477385e-05 -5.9276903e-05
-5.6467534e-05 -5.9276903e-05
-5.6457691e-05 -5.9276903e-05
-5.6447856e-05 -5.9276903e-05
-5.643803e-05 -5.9276903e-05
-5.6428211e-05 -5.9276903e-05
-5.6418401e-05 -5.9276903e-05
-5.64086e-05 -5.9276903e-05
-5.6398807e-05 -5.9276903e-05
-5.6389023e-05 -5.9276903e-05
-5.6379249e-05 -5.9276903e-05
-5.6369484e-05 -5.9276903e-05
-5.6359728e-05 -5.9276903e-05
-5.6349982e-05 -5.9276903e-05
-5.6340245e-05 -5.9276903e-05
-5.6330519e-05 -5.9276903e-05
-5.6320802e-05 -5.9276903e-05
-5.6311096e-05 -5.9276903e-05
-5.63014e-05 -5.9276903e-05
-5.6291714e-05 -5.9276903e-05
-5.6282039e-05 -5.9276903e-05
-5.6272374e-05 -5.9276903e-05
-5.6262721e-05 -5.9276903e-05
-5.6253078e-05 -5.9276903e-05
-5.6243446e-05 -5.9276903e-05
-5.6233826e-05 -5.9276903e-05
-5.6224217e-05 -5.9276903e-05
-5.6214619e-05 -5.9276903e-05
-5.6205032e-05 -5.9276903e-05
-5.6195457e-05 -5.9276903e-05
-5.6185893e-05 -5.9276903e-05
-5.6176341e-05 -5.9276903e-05
-5.6166801e-05 -5.9276903e-05
-5.6157273e-05 -5.9276903e-05
-5.6147756e-05 -5.9276903e-05
-5.6138252e-05 -5.9276903e-05
-5.6128759e-05 -5.9276903e-05
-5.6119279e-05 -5.9276903e-05
-5.610981e-05 -5.9276903e-05
-5.6100354e-05 -5.9276903e-05
-5.6090909e-05 -5.9276903e-05
-5.6081477e-05 -5.9276903e-05
-5.6072057e-05 -5.9276903e-05
-5.6062649e-05 -5.9276903e-05
-5.6053254e-05 -5.9276903e-05
-5.604387e-05 -5.9276903e-05
-5.6034499e-05 -5.9276903e-05
-5.602514e-05 -5.9276903e-05
-5.6015793e-05 -5.9276903e-05
-5.6006459e-05 -5.9276903e-05
-5.5997136e-05 -5.9276903e-05
-5.5987826e-05 -5.9276903e-05
-5.5978528e-05 -5.9276903e-05
-5.5969242e-05 -5.9276903e-05
-5.5959968e-05 -5.9276903e-05
-5.5950706e-05 -5.9276903e-05
-5.5941456e-05 -5.9276903e-05
-5.5932218e-05 -5.9276903e-05
-5.5922991e-05 -5.9276903e-05
-5.5913777e-05 -5.9276903e-05
-5.5904574e-05 -5.9276903e-05
-5.5895383e-05 -5.9276903e-05
-5.5886203e-05 -5.9276903e-05
-5.5877035e-05 -5.9276903e-05
-5.5867879e-05 -5.9276903e-05
-5.5858733e-05 -5.9276903e-05
-5.5849599e-05 -5.9276903e-05
-5.5840476e-05 -5.9276903e-05
-5.5831365e-05 -5.9276903e-05
-5.5822264e-05 -5.9276903e-05
-5.5813174e-05 -5.9276903e-05
-5.5804094e-05 -5.9276903e-05
-5.5795025e-05 -5.9276903e-05
-5.5785967e-05 -5.9276903e-05
-5.5776919e-05 -5.9276903e-05
-5.5767882e-05 -5.9276903e-05
-5.5758854e-05 -5.9276903e-05
-5.5749837e-05 -5.9276903e-05
-5.574083e-05 -5.9276903e-05
-5.5731832e-05 -5.9276903e-05
-5.5722844e-05 -5.9276903e-05
-5.5713865e-05 -5.9276903e-05
-5.5704896e-05 -5.9276903e-05
-5.5695936e-05 -5.9276903e-05
-5.5686985e-05 -5.9276903e-05
-5.5678042e-05 -5.9276903e-05
-5.5669109e-05 -5.9276903e-05
-5.5660184e-05 -5.9276903e-05
-5.5651268e-05 -5.9276903e-05
-5.564236e-05 -5.9276903e-05
-5.563346e-05 -5.9276903e-05
-5.5624568e-05 -5.9276903e-05
-5.5615684e-05 -5.9276903e-05
-5.5606808e-05 -5.9276903e-05
-5.5597939e-05 -5.9276903e-05
-5.5589078e-05 -5.9276903e-05
-5.5580223e-05 -5.9276903e-05
-5.5571376e-05 -5.9276903e-05
-5.5562536e-05 -5.9276903e-05
-5.5553702e-05 -5.9276903e-05
-5.5544875e-05 -5.9276903e-05
-5.5536054e-05 -5.9276903e-05
-5.552724e-05 -5.9276903e-05
-5.5518431e-05 -5.9276903e-05
-5.5509629e-05 -5.9276903e-05
-5.5500832e-05 -5.9276903e-05
-5.5492041e-05 -5.9276903e-05
-5.5483255e-05 -5.9276903e-05
-5.5474474e-05 -5.9276903e-05
-5.5465699e-05 -5.9276903e-05
-5.5456928e-05 -5.9276903e-05
-5.5448162e-05 -5.9276903e-05
-5.5439401e-05 -5.9276903e-05
-5.5430644e-05 -5.9276903e-05
-5.5421892e-05 -5.9276903e-05
-5.5413144e-05 -5.9276903e-05
-5.5404399e-05 -5.9276903e-05
-5.5395659e-05 -5.9276903e-05
-5.5386922e-05 -5.9276903e-05
-5.5378189e-05 -5.9276903e-05
-5.5369459e-05 -5.9276903e-05
-5.5360733e-05 -5.9276903e-05
-5.5352009e-05 -5.9276903e-05
-5.5343289e-05 -5.9276903e-05
-5.5334571e-05 -5.9276903e-05
-5.5325856e-05 -5.9276903e-05
-5.5317144e-05 -5.9276903e-05
-5.5308434e-05 -5.9276903e-05
-5.5299726e-05 -5.9276903e-05
-5.529102e-05 -5.9276903e-05
-5.5282317e-05 -5.9276903e-05
-5.5273615e-05 -5.9276903e-05
-5.5264916e-05 -5.9276903e-05
-5.5256218e-05 -5.9276903e-05
-5.5247522e-05 -5.9276903e-05
-5.5238827e-05 -5.9276903e-05
-5.5230133e-05 -5.9276903e-05
-5.5221441e-05 -5.9276903e-05
-5.521275e-05 -5.9276903e-05
-5.520406e-05 -5.9276903e-05
-5.5195371e-05 -5.9276903e-05
-5.5186683e-05 -5.9276903e-05
-5.5177996e-05 -5.9276903e-05
-5.516931e-05 -5.9276903e-05
-5.5160624e-05 -5.9276903e-05
-5.5151939e-05 -5.9276903e-05
-5.5143255e-05 -5.9276903e-05
-5.513457e-05 -5.9276903e-05
-5.5125887e-05 -5.9276903e-05
-5.5117204e-05 -5.9276903e-05
-5.5108521e-05 -5.9276903e-05
-5.5099838e-05 -5.9276903e-05
-5.5091155e-05 -5.9276903e-05
-5.5082473e-05 -5.9276903e-05
-5.5073791e-05 -5.9276903e-05
-5.5065109e-05 -5.9276903e-05
-5.5056427e-05 -5.9276903e-05
-5.5047745e-05 -5.9276903e-05
-5.5039063e-05 -5.9276903e-05
-5.5030381e-05 -5.9276903e-05
-5.5021699e-05 -5.9276903e-05
-5.5013018e-05 -5.9276903e-05
-5.5004336e-05 -5.9276903e-05
-5.4995654e-05 -5.9276903e-05
-5.4986972e-05 -5.9276903e-05
-5.4978291e-05 -5.9276903e-05
-5.4969609e-05 -5.9276903e-05
-5.4960927e-05 -5.9276903e-05
-5.4952246e-05 -5.9276903e-05
-5.4943564e-05 -5.9276903e-05
-5.4934883e-05 -5.9276903e-05
-5.4926202e-05 -5.9276903e-05
-5.4917521e-05 -5.9276903e-05
-5.4908841e-05 -5.9276903e-05
-5.4900161e-05 -5.9276903e-05
-5.4891481e-05 -5.9276903e-05
-5.4882801e-05 -5.9276903e-05
-5.4874123e-05 -5.9276903e-05
-5.4865444e-05 -5.9276903e-05
-5.4856767e-05 -5.9276903e-05
-5.484809e-05 -5.9276903e-05
-5.4839413e-05 -5.9276903e-05
-5.4830738e-05 -5.9276903e-05
-5.4822064e-05 -5.9276903e-05
-5.4813391e-05 -5.9276903e-05
-5.4804718e-05 -5.9276903e-05
-5.4796047e-05 -5.9276903e-05
-5.4787378e-05 -5.9276903e-05
-5.477871e-05 -5.9276903e-05
-5.4770043e-05 -5.9276903e-05
-5.4761378e-05 -5.9276903e-05
-5.4752715e-05 -5.9276903e-05
-5.4744053e-05 -5.9276903e-05
-5.4735394e-05 -5.9276903e-05
-5.4726736e-05 -5.9276903e-05
-5.4718081e-05 -5.9276903e-05
-5.4709428e-05 -5.9276903e-05
-5.4700778e-05 -5.9276903e-05
-5.469213e-05 -5.9276903e-05
-5.4683485e-05 -5.9276903e-05
-5.4674843e-05 -5.9276903e-05
-5.4666204e-05 -5.9276903e-05
-5.4657568e-05 -5.9276903e-05
-5.4648935e-05 -5.9276903e-05
-5.4640305e-05 -5.9276903e-05
-5.4631679e-05 -5.9276903e-05
-5.4623057e-05 -5.9276903e-05
-5.4614439e-05 -5.9276903e-05
-5.4605824e-05 -5.9276903e-05
-5.4597214e-05 -5.9276903e-05
-5.4588608e-05 -5.9276903e-05
-5.4580006e-05 -5.9276903e-05
-5.4571409e-05 -5.9276903e-05
-5.4562816e-05 -5.9276903e-05
-5.4554229e-05 -5.9276903e-05
-5.4545646e-05 -5.9276903e-05
-5.4537068e-05 -5.9276903e-05
-5.4528496e-05 -5.9276903e-05
-5.4519929e-05 -5.9276903e-05
-5.4511368e-05 -5.9276903e-05
-5.4502812e-05 -5.9276903e-05
-5.4494263e-05 -5.9276903e-05
-5.4485719e-05 -5.9276903e-05
-5.4477181e-05 -5.9276903e-05
-5.446865e-05 -5.9276903e-05
-5.4460125e-05 -5.9276903e-05
-5.4451606e-05 -5.9276903e-05
-5.4443095e-05 -5.9276903e-05
-5.443459e-05 -5.9276903e-05
-5.4426092e-05 -5.9276903e-05
-5.4417601e-05 -5.9276903e-05
-5.4409117e-05 -5.9276903e-05
-5.4400641e-05 -5.9276903e-05
-5.4392172e-05 -5.9276903e-05
-5.4383711e-05 -5.9276903e-05
-5.4375257e-05 -5.9276903e-05
-5.4366812e-05 -5.9276903e-05
-5.4358374e-05 -5.9276903e-05
-5.4349944e-05 -5.9276903e-05
-5.4341523e-05 -5.9276903e-05
-5.433311e-05 -5.9276903e-05
-5.4324705e-05 -5.9276903e-05
-5.4316308e-05 -5.9276903e-05
-5.4307921e-05 -5.9276903e-05
-5.4299542e-05 -5.9276903e-05
-5.4291171e-05 -5.9276903e-05
-5.428281e-05 -5.9276903e-05
-5.4274457e-05 -5.9276903e-05
-5.4266114e-05 -5.9276903e-05
-5.425778e-05 -5.9276903e-05
-5.4249454e-05 -5.9276903e-05
-5.4241139e-05 -5.9276903e-05
-5.4232832e-05 -5.9276903e-05
-5.4224535e-05 -5.9276903e-05
-5.4216247e-05 -5.9276903e-05
-5.4207969e-05 -5.9276903e-05
-5.41997e-05 -5.9276903e-05
-5.4191441e-05 -5.9276903e-05
-5.4183192e-05 -5.9276903e-05
-5.4174953e-05 -5.9276903e-05
-5.4166723e-05 -5.9276903e-05
-5.4158503e-05 -5.9276903e-05
-5.4150292e-05 -5.9276903e-05
-5.4142092e-05 -5.9276903e-05
-5.4133901e-05 -5.9276903e-05
-5.4125721e-05 -5.9276903e-05
-5.411755e-05 -5.9276903e-05
-5.4109389e-05 -5.9276903e-05
-5.4101238e-05 -5.9276903e-05
-5.4093097e-05 -5.9276903e-05
-5.4084966e-05 -5.9276903e-05
-5.4076845e-05 -5.9276903e-05
-5.4068733e-05 -5.9276903e-05
-5.4060632e-05 -5.9276903e-05
-5.405254e-05 -5.9276903e-05
-5.4044459e-05 -5.9276903e-05
-5.4036387e-05 -5.9276903e-05
-5.4028325e-05 -5.9276903e-05
-5.4020273e-05 -5.9276903e-05
-5.401223e-05 -5.9276903e-05
-5.4004198e-05 -5.9276903e-05
-5.3996174e-05 -5.9276903e-05
-5.3988161e-05 -5.9276903e-05
-5.3980157e-05 -5.9276903e-05
-5.3972163e-05 -5.9276903e-05
-5.3964178e-05 -5.9276903e-05
-5.3956203e-05 -5.9276903e-05
-5.3948236e-05 -5.9276903e-05
-5.394028e-05 -5.9276903e-05
-5.3932332e-05 -5.9276903e-05
-5.3924394e-05 -5.9276903e-05
-5.3916465e-05 -5.9276903e-05
-5.3908544e-05 -5.9276903e-05
-5.3900633e-05 -5.9276903e-05
-5.389273e-05 -5.9276903e-05
-5.3884837e-05 -5.9276903e-05
-5.3876952e-05 -5.9276903e-05
-5.3869075e-05 -5.9276903e-05
-5.3861207e-05 -5.9276903e-05
-5.3853348e-05 -5.9276903e-05
-5.3845496e-05 -5.9276903e-05
-5.3837653e-05 -5.9276903e-05
-5.3829818e-05 -5.9276903e-05
-5.3821992e-05 -5.9276903e-05
-5.3814173e-05 -5.9276903e-05
-5.3806361e-05 -5.9276903e-05
-5.3798558e-05 -5.9276903e-05
-5.3790762e-05 -5.9276903e-05
-5.3782973e-05 -5.9276903e-05
-5.3775192e-05 -5.9276903e-05
-5.3767418e-05 -5.9276903e-05
-5.3759651e-05 -5.9276903e-05
-5.3751892e-05 -5.9276903e-05
-5.3744139e-05 -5.9276903e-05
-5.3736392e-05 -5.9276903e-05
-5.3728653e-05 -5.9276903e-05
-5.372092e-05 -5.9276903e-05
-5.3713193e-05 -5.9276903e-05
-5.3705473e-05 -5.9276903e-05
-5.3697758e-05 -5.9276903e-05
-5.369005e-05 -5.9276903e-05
-5.3682348e-05 -5.9276903e-05
-5.3674651e-05 -5.9276903e-05
-5.366696e-05 -5.9276903e-05
-5.3659274e-05 -5.9276903e-05
-5.3651594e-05 -5.9276903e-05
-5.3643919e-05 -5.9276903e-05
-5.3636249e-05 -5.9276903e-05
-5.3628584e-05 -5.9276903e-05
-5.3620924e-05 -5.9276903e-05
-5.3613269e-05 -5.9276903e-05
-5.3605618e-05 -5.9276903e-05
-5.3597972e-05 -5.9276903e-05
-5.359033e-05 -5.9276903e-05
-5.3582692e-05 -5.9276903e-05
-5.3575058e-05 -5.9276903e-05
-5.3567428e-05 -5.9276903e-05
-5.3559802e-05 -5.9276903e-05
-5.355218e-05 -5.9276903e-05
-5.3544561e-05 -5.9276903e-05
-5.3536946e-05 -5.9276903e-05
-5.3529334e-05 -5.9276903e-05
-5.3521725e-05 -5.9276903e-05
-5.3514119e-05 -5.9276903e-05
-5.3506516e-05 -5.9276903e-05
-5.3498916e-05 -5.9276903e-05
-5.3491318e-05 -5.9276903e-05
-5.3483723e-05 -5.9276903e-05
-5.3476131e-05 -5.9276903e-05
-5.3468541e-05 -5.9276903e-05
-5.3460953e-05 -5.9276903e-05
-5.3453367e-05 -5.9276903e-05
-5.3445783e-05 -5.9276903e-05
-5.3438202e-05 -5.9276903e-05
-5.3430622e-05 -5.9276903e-05
-5.3423043e-05 -5.9276903e-05
-5.3415467e-05 -5.9276903e-05
-5.3407891e-05 -5.9276903e-05
-5.3400317e-05 -5.9276903e-05
-5.3392745e-05 -5.9276903e-05
-5.3385174e-05 -5.9276903e-05
-5.3377603e-05 -5.9276903e-05
-5.3370034e-05 -5.9276903e-05
-5.3362466e-05 -5.9276903e-05
-5.3354898e-05 -5.9276903e-05
-5.3347332e-05 -5.9276903e-05
-5.3339766e-05 -5.9276903e-05
-5.33322e-05 -5.9276903e-05
-5.3324636e-05 -5.9276903e-05
-5.3317071e-05 -5.9276903e-05
-5.3309507e-05 -5.9276903e-05
-5.3301944e-05 -5.9276903e-05
-5.329438e-05 -5.9276903e-05
-5.3286817e-05 -5.9276903e-05
-5.3279254e-05 -5.9276903e-05
-5.3271691e-05 -5.9276903e-05
-5.3264128e-05 -5.9276903e-05
-5.3256566e-05 -5.9276903e-05
-5.3249003e-05 -5.9276903e-05
-5.324144e-05 -5.9276903e-05
-5.3233877e-05 -5.9276903e-05
-5.3226314e-05 -5.9276903e-05
-5.321875e-05 -5.9276903e-05
-5.3211187e-05 -5.9276903e-05
-5.3203623e-05 -5.9276903e-05
-5.3196059e-05 -5.9276903e-05
-5.3188494e-05 -5.9276903e-05
-5.3180929e-05 -5.9276903e-05
-5.3173364e-05 -5.9276903e-05
-5.3165799e-05 -5.9276903e-05
-5.3158233e-05 -5.9276903e-05
-5.3150667e-05 -5.9276903e-05
-5.3143101e-05 -5.9276903e-05
-5.3135534e-05 -5.9276903e-05
-5.3127967e-05 -5.9276903e-05
-5.31204e-05 -5.9276903e-05
-5.3112832e-05 -5.9276903e-05
-5.3105264e-05 -5.9276903e-05
-5.3097696e-05 -5.9276903e-05
-5.3090127e-05 -5.9276903e-05
-5.3082559e-05 -5.9276903e-05
-5.307499e-05 -5.9276903e-05
-5.3067421e-05 -5.9276903e-05
-5.3059852e-05 -5.9276903e-05
-5.3052283e-05 -5.9276903e-05
-5.3044713e-05 -5.9276903e-05
-5.3037144e-05 -5.9276903e-05
-5.3029575e-05 -5.9276903e-05
-5.3022006e-05 -5.9276903e-05
-5.3014437e-05 -5.9276903e-05
-5.3006868e-05 -5.9276903e-05
-5.29993e-05 -5.9276903e-05
-5.2991732e-05 -5.9276903e-05
-5.2984164e-05 -5.9276903e-05
-5.2976597e-05 -5.9276903e-05
-5.296903e-05 -5.9276903e-05
-5.2961465e-05 -5.9276903e-05
-5.2953899e-05 -5.9276903e-05
-5.2946335e-05 -5.9276903e-05
-5.2938771e-05 -5.9276903e-05
-5.2931208e-05 -5.9276903e-05
-5.2923647e-05 -5.9276903e-05
-5.2916086e-05 -5.9276903e-05
-5.2908527e-05 -5.9276903e-05
-5.2900969e-05 -5.9276903e-05
-5.2893412e-05 -5.9276903e-05
-5.2885857e-05 -5.9276903e-05
-5.2878304e-05 -5.9276903e-05
-5.2870752e-05 -5.9276903e-05
-5.2863202e-05 -5.9276903e-05
-5.2855654e-05 -5.9276903e-05
-5.2848108e-05 -5.9276903e-05
-5.2840564e-05 -5.9276903e-05
-5.2833022e-05 -5.9276903e-05
-5.2825483e-05 -5.9276903e-05
-5.2817946e-05 -5.9276903e-05
-5.2810412e-05 -5.9276903e-05
-5.280288e-05 -5.9276903e-05
-5.2795351e-05 -5.9276903e-05
-5.2787825e-05 -5.9276903e-05
-5.2780302e-05 -5.9276903e-05
-5.2772782e-05 -5.9276903e-05
-5.2765266e-05 -5.9276903e-05
-5.2757753e-05 -5.9276903e-05
-5.2750243e-05 -5.9276903e-05
-5.2742737e-05 -5.9276903e-05
-5.2735235e-05 -5.9276903e-05
-5.2727736e-05 -5.9276903e-05
-5.2720242e-05 -5.9276903e-05
-5.2712751e-05 -5.9276903e-05
-5.2705265e-05 -5.9276903e-05
-5.2697783e-05 -5.9276903e-05
-5.2690306e-05 -5.9276903e-05
-5.2682833e-05 -5.9276903e-05
-5.2675364e-05 -5.9276903e-05
-5.2667901e-05 -5.9276903e-05
-5.2660442e-05 -5.9276903e-05
-5.2652989e-05 -5.9276903e-05
-5.2645541e-05 -5.9276903e-05
-5.2638097e-05 -5.9276903e-05
-5.263066e-05 -5.9276903e-05
-5.2623227e-05 -5.9276903e-05
-5.2615801e-05 -5.9276903e-05
-5.260838e-05 -5.9276903e-05
-5.2600964e-05 -5.9276903e-05
-5.2593555e-05 -5.9276903e-05
-5.2586152e-05 -5.9276903e-05
-5.2578755e-05 -5.9276903e-05
-5.2571363e-05 -5.9276903e-05
-5.2563979e-05 -5.9276903e-05
-5.25566e-05 -5.9276903e-05
-5.2549229e-05 -5.9276903e-05
-5.2541863e-05 -5.9276903e-05
-5.2534505e-05 -5.9276903e-05
-5.2527153e-05 -5.9276903e-05
-5.2519808e-05 -5.9276903e-05
-5.251247e-05 -5.9276903e-05
-5.2505139e-05 -5.9276903e-05
-5.2497815e-05 -5.9276903e-05
-5.2490498e-05 -5.9276903e-05
-5.2483188e-05 -5.9276903e-05
-5.2475886e-05 -5.9276903e-05
-5.2468591e-05 -5.9276903e-05
-5.2461304e-05 -5.9276903e-05
-5.2454024e-05 -5.9276903e-05
-5.2446751e-05 -5.9276903e-05
-5.2439486e-05 -5.9276903e-05
-5.2432229e-05 -5.9276903e-05
-5.242498e-05 -5.9276903e-05
-5.2417738e-05 -5.9276903e-05
-5.2410505e-05 -5.9276903e-05
-5.2403279e-05 -5.9276903e-05
-5.2396061e-05 -5.9276903e-05
-5.238885e-05 -5.9276903e-05
-5.2381648e-05 -5.9276903e-05
-5.2374454e-05 -5.9276903e-05
-5.2367268e-05 -5.9276903e-05
-5.236009e-05 -5.9276903e-05
-5.235292e-05 -5.9276903e-05
-5.2345758e-05 -5.9276903e-05
-5.2338605e-05 -5.9276903e-05
-5.2331459e-05 -5.9276903e-05
-5.2324322e-05 -5.9276903e-05
-5.2317192e-05 -5.9276903e-05
-5.2310071e-05 -5.9276903e-05
-5.2302958e-05 -5.9276903e-05
-5.2295854e-05 -5.9276903e-05
-5.2288757e-05 -5.9276903e-05
-5.2281668e-05 -5.9276903e-05
-5.2274588e-05 -5.9276903e-05
-5.2267516e-05 -5.9276903e-05
-5.2260452e-05 -5.9276903e-05
-5.2253396e-05 -5.9276903e-05
-5.2246348e-05 -5.9276903e-05
-5.2239308e-05 -5.9276903e-05
-5.2232276e-05 -5.9276903e-05
-5.2225252e-05 -5.9276903e-05
-5.2218236e-05 -5.9276903e-05
-5.2211228e-05 -5.9276903e-05
-5.2204227e-05 -5.9276903e-05
-5.2197235e-05 -5.9276903e-05
-5.219025e-05 -5.9276903e-05
-5.2183273e-05 -5.9276903e-05
-5.2176304e-05 -5.9276903e-05
-5.2169343e-05 -5.9276903e-05
-5.2162389e-05 -5.9276903e-05
-5.2155443e-05 -5.9276903e-05
-5.2148504e-05 -5.9276903e-05
-5.2141572e-05 -5.9276903e-05
-5.2134648e-05 -5.9276903e-05
-5.2127731e-05 -5.9276903e-05
-5.2120822e-05 -5.9276903e-05
-5.2113919e-05 -5.9276903e-05
-5.2107024e-05 -5.9276903e-05
-5.2100136e-05 -5.9276903e-05
-5.2093254e-05 -5.9276903e-05
-5.208638e-05 -5.9276903e-05
-5.2079512e-05 -5.9276903e-05
-5.2072651e-05 -5.9276903e-05
-5.2065797e-05 -5.9276903e-05
-5.2058949e-05 -5.9276903e-05
-5.2052108e-05 -5.9276903e-05
-5.2045273e-05 -5.9276903e-05
-5.2038444e-05 -5.9276903e-05
-5.2031622e-05 -5.9276903e-05
-5.2024806e-05 -5.9276903e-05
-5.2017995e-05 -5.9276903e-05
-5.2011191e-05 -5.9276903e-05
-5.2004392e-05 -5.9276903e-05
-5.1997599e-05 -5.9276903e-05
-5.1990812e-05 -5.9276903e-05
-5.198403e-05 -5.9276903e-05
-5.1977254e-05 -5.9276903e-05
-5.1970483e-05 -5.9276903e-05
-5.1963718e-05 -5.9276903e-05
-5.1956957e-05 -5.9276903e-05
-5.1950202e-05 -5.9276903e-05
-5.1943451e-05 -5.9276903e-05
-5.1936706e-05 -5.9276903e-05
-5.1929965e-05 -5.9276903e-05
-5.1923228e-05 -5.9276903e-05
-5.1916497e-05 -5.9276903e-05
-5.1909769e-05 -5.9276903e-05
-5.1903046e-05 -5.9276903e-05
-5.1896327e-05 -5.9276903e-05
-5.1889612e-05 -5.9276903e-05
-5.1882902e-05 -5.9276903e-05
-5.1876195e-05 -5.9276903e-05
-5.1869492e-05 -5.9276903e-05
-5.1862792e-05 -5.9276903e-05
-5.1856097e-05 -5.9276903e-05
-5.1849404e-05 -5.9276903e-05
-5.1842715e-05 -5.9276903e-05
-5.183603e-05 -5.9276903e-05
-5.1829347e-05 -5.9276903e-05
-5.1822667e-05 -5.9276903e-05
-5.1815991e-05 -5.9276903e-05
-5.1809317e-05 -5.9276903e-05
-5.1802646e-05 -5.9276903e-05
-5.1795978e-05 -5.9276903e-05
-5.1789312e-05 -5.9276903e-05
-5.1782649e-05 -5.9276903e-05
-5.1775988e-05 -5.9276903e-05
-5.1769329e-05 -5.9276903e-05
-5.1762673e-05 -5.9276903e-05
-5.1756018e-05 -5.9276903e-05
-5.1749365e-05 -5.9276903e-05
-5.1742715e-05 -5.9276903e-05
-5.1736066e-05 -5.9276903e-05
-5.1729418e-05 -5.9276903e-05
-5.1722773e-05 -5.9276903e-05
-5.1716129e-05 -5.9276903e-05
-5.1709486e-05 -5.9276903e-05
-5.1702844e-05 -5.9276903e-05
-5.1696204e-05 -5.9276903e-05
-5.1689565e-05 -5.9276903e-05
-5.1682927e-05 -5.9276903e-05
-5.167629e-05 -5.9276903e-05
-5.1669654e-05 -5.9276903e-05
-5.1663019e-05 -5.9276903e-05
-5.1656384e-05 -5.9276903e-05
-5.164975e-05 -5.9276903e-05
-5.1643117e-05 -5.9276903e-05
-5.1636485e-05 -5.9276903e-05
-5.1629852e-05 -5.9276903e-05
-5.1623221e-05 -5.9276903e-05
-5.1616589e-05 -5.9276903e-05
-5.1609958e-05 -5.9276903e-05
-5.1603327e-05 -5.9276903e-05
-5.1596696e-05 -5.9276903e-05
-5.1590065e-05 -5.9276903e-05
-5.1583435e-05 -5.9276903e-05
-5.1576804e-05 -5.9276903e-05
-5.1570174e-05 -5.9276903e-05
-5.1563543e-05 -5.9276903e-05
-5.1556912e-05 -5.9276903e-05
-5.1550281e-05 -5.9276903e-05
-5.1543649e-05 -5.9276903e-05
-5.1537018e-05 -5.9276903e-05
-5.1530386e-05 -5.9276903e-05
-5.1523753e-05 -5.9276903e-05
-5.1517121e-05 -5.9276903e-05
-5.1510488e-05 -5.9276903e-05
-5.1503854e-05 -5.9276903e-05
-5.149722e-05 -5.9276903e-05
-5.1490586e-05 -5.9276903e-05
-5.1483951e-05 -5.9276903e-05
-5.1477316e-05 -5.9276903e-05
-5.147068e-05 -5.9276903e-05
-5.1464043e-05 -5.9276903e-05
-5.1457407e-05 -5.9276903e-05
-5.1450769e-05 -5.9276903e-05
-5.1444131e-05 -5.9276903e-05
-5.1437492e-05 -5.9276903e-05
-5.1430853e-05 -5.9276903e-05
-5.1424214e-05 -5.9276903e-05
-5.1417573e-05 -5.9276903e-05
-5.1410933e-05 -5.9276903e-05
-5.1404291e-05 -5.9276903e-05
-5.1397649e-05 -5.9276903e-05
-5.1391007e-05 -5.9276903e-05
-5.1384364e-05 -5.9276903e-05
-5.1377721e-05 -5.9276903e-05
-5.1371078e-05 -5.9276903e-05
-5.1364434e-05 -5.9276903e-05
-5.1357789e-05 -5.9276903e-05
-5.1351145e-05 -5.9276903e-05
-5.13445e-05 -5.9276903e-05
-5.1337854e-05 -5.9276903e-05
-5.1331209e-05 -5.9276903e-05
-5.1324563e-05 -5.9276903e-05
-5.1317918e-05 -5.9276903e-05
-5.1311272e-05 -5.9276903e-05
-5.1304626e-05 -5.9276903e-05
-5.129798e-05 -5.9276903e-05
-5.1291334e-05 -5.9276903e-05
-5.1284688e-05 -5.9276903e-05
-5.1278043e-05 -5.9276903e-05
-5.1271397e-05 -5.9276903e-05
-5.1264752e-05 -5.9276903e-05
-5.1258108e-05 -5.9276903e-05
-5.1251463e-05 -5.9276903e-05
-5.124482e-05 -5.9276903e-05
-5.1238176e-05 -5.9276903e-05
-5.1231534e-05 -5.9276903e-05
-5.1224892e-05 -5.9276903e-05
-5.1218251e-05 -5.9276903e-05
-5.1211611e-05 -5.9276903e-05
-5.1204971e-05 -5.9276903e-05
-5.1198333e-05 -5.9276903e-05
-5.1191696e-05 -5.9276903e-05
-5.118506e-05 -5.9276903e-05
-5.1178425e-05 -5.9276903e-05
-5.1171792e-05 -5.9276903e-05
-5.116516e-05 -5.9276903e-05
-5.1158529e-05 -5.9276903e-05
-5.11519e-05 -5.9276903e-05
-5.1145273e-05 -5.9276903e-05
-5.1138648e-05 -5.9276903e-05
-5.1132024e-05 -5.9276903e-05
-5.1125402e-05 -5.9276903e-05
-5.1118783e-05 -5.9276903e-05
-5.1112166e-05 -5.9276903e-05
-5.1105551e-05 -5.9276903e-05
-5.1098938e-05 -5.9276903e-05
-5.1092327e-05 -5.9276903e-05
-5.108572e-05 -5.9276903e-05
-5.1079115e-05 -5.9276903e-05
-5.1072512e-05 -5.9276903e-05
-5.1065913e-05 -5.9276903e-05
-5.1059316e-05 -5.9276903e-05
-5.1052722e-05 -5.9276903e-05
-5.1046132e-05 -5.9276903e-05
-5.1039544e-05 -5.9276903e-05
-5.103296e-05 -5.9276903e-05
-5.102638e-05 -5.9276903e-05
-5.1019803e-05 -5.9276903e-05
-5.1013229e-05 -5.9276903e-05
-5.100666e-05 -5.9276903e-05
-5.1000094e-05 -5.9276903e-05
-5.0993532e-05 -5.9276903e-05
-5.0986974e-05 -5.9276903e-05
-5.098042e-05 -5.9276903e-05
-5.097387e-05 -5.9276903e-05
-5.0967324e-05 -5.9276903e-05
-5.0960783e-05 -5.9276903e-05
-5.0954246e-05 -5.9276903e-05
-5.0947714e-05 -5.9276903e-05
-5.0941186e-05 -5.9276903e-05
-5.0934664e-05 -5.9276903e-05
-5.0928146e-05 -5.9276903e-05
-5.0921632e-05 -5.9276903e-05
-5.0915124e-05 -5.9276903e-05
-5.0908621e-05 -5.9276903e-05
-5.0902123e-05 -5.9276903e-05
-5.089563e-05 -5.9276903e-05
-5.0889143e-05 -5.9276903e-05
-5.0882661e-05 -5.9276903e-05
-5.0876184e-05 -5.9276903e-05
-5.0869713e-05 -5.9276903e-05
-5.0863247e-05 -5.9276903e-05
-5.0856787e-05 -5.9276903e-05
-5.0850333e-05 -5.9276903e-05
-5.0843885e-05 -5.9276903e-05
-5.0837442e-05 -5.9276903e-05
-5.0831006e-05 -5.9276903e-05
-5.0824575e-05 -5.9276903e-05
-5.081815e-05 -5.9276903e-05
-5.0811732e-05 -5.9276903e-05
-5.0805319e-05 -5.9276903e-05
-5.0798913e-05 -5.9276903e-05
-5.0792513e-05 -5.9276903e-05
-5.078612e-05 -5.9276903e-05
-5.0779732e-05 -5.9276903e-05
-5.0773351e-05 -5.9276903e-05
-5.0766977e-05 -5.9276903e-05
-5.0760609e-05 -5.9276903e-05
