0.394752 0.394752
1.57863 1.57863
3.55048 3.55048
6.3084 6.3084
9.84973 9.84973
14.171 14.171
19.2681 19.2681
25.1361 25.1361
31.7692 31.7692
39.1611 39.1611
47.3047 47.3047
56.192 56.192
65.8144 65.8144
76.1626 76.1626
87.2267 87.2267
98.9959 98.9959
111.459 111.459
124.603 124.603
138.417 138.417
152.886 152.886
167.997 167.997
183.735 183.735
200.084 200.084
217.03 217.03
234.554 234.554
252.642 252.642
271.275 271.275
290.434 290.434
310.103 310.103
330.26 330.26
350.888 350.888
371.966 371.966
393.473 393.473
415.39 415.39
437.693 437.693
460.363 460.363
483.378 483.378
506.714 506.714
530.349 530.349
554.261 554.261
578.425 578.425
602.82 602.82
627.422 627.422
652.205 652.205
677.148 677.148
702.224 702.224
727.411 727.411
752.684 752.684
778.018 778.018
803.388 803.388
828.772 828.772
854.142 854.142
879.476 879.476
904.749 904.749
929.936 929.936
955.012 955.012
979.955 979.955
1004.74 1004.74
1029.34 1029.34
1053.73 1053.73
1077.9 1077.9
1101.81 1101.81
1125.45 1125.45
1148.78 1148.78
1171.8 1171.8
1194.47 1194.47
1216.77 1216.77
1238.69 1238.69
1260.19 1260.19
1281.27 1281.27
1301.9 1301.9
1322.06 1322.06
1341.73 1341.73
1360.89 1360.89
1379.52 1379.52
1397.61 1397.61
1415.13 1415.13
1432.08 1432.08
1448.43 1448.43
1464.16 1464.16
1479.27 1479.27
1493.74 1493.74
1507.56 1507.56
1520.7 1520.7
1533.16 1533.16
1544.93 1544.93
1556 1556
1566.35 1566.35
1575.97 1575.97
1584.86 1584.86
1593 1593
1600.39 1600.39
1607.02 1607.02
1612.89 1612.89
1617.99 1617.99
1622.31 1622.31
1625.85 1625.85
1628.61 1628.61
1630.58 1630.58
1631.77 1631.77
