0.0498753 0.00908284 0.00194751
0.0997506 0.0181616 0.0039902
0.149626 0.0272323 0.0061284
0.199501 0.0362907 0.00836235
0.249377 0.0453329 0.0106922
0.299252 0.0543549 0.013118
0.349127 0.0633526 0.0156397
0.399002 0.0723219 0.0182573
0.448878 0.081259 0.0209703
0.498753 0.0901598 0.0237787
0.548628 0.0990205 0.0266819
0.598504 0.107837 0.0296794
0.648379 0.116606 0.0327706
0.698254 0.125323 0.0359549
0.74813 0.133984 0.0392315
0.798005 0.142586 0.0425994
0.84788 0.151125 0.0460577
0.897756 0.159597 0.0496053
0.947631 0.167999 0.053241
0.997506 0.176327 0.0569636
1.04738 0.184578 0.0607718
1.09726 0.192748 0.064664
1.14713 0.200834 0.0686388
1.19701 0.208832 0.0726945
1.24688 0.216739 0.0768294
1.29676 0.224552 0.0810417
1.34663 0.232268 0.0853296
1.39651 0.239884 0.0896911
1.44638 0.247397 0.094124
1.49626 0.254803 0.0986264
1.54613 0.262101 0.103196
1.59601 0.269287 0.107831
1.64589 0.276358 0.112528
1.69576 0.283312 0.117285
1.74564 0.290147 0.1221
1.79551 0.29686 0.126969
1.84539 0.303448 0.131892
1.89526 0.30991 0.136864
1.94514 0.316243 0.141883
1.99501 0.322445 0.146946
2.04489 0.328515 0.152051
2.09476 0.334449 0.157194
2.14464 0.340247 0.162373
2.19451 0.345906 0.167584
2.24439 0.351426 0.172824
2.29426 0.356804 0.178091
2.34414 0.362039 0.18338
2.39401 0.36713 0.18869
2.44389 0.372075 0.194017
2.49377 0.376874 0.199357
2.54364 0.381525 0.204708
2.59352 0.386027 0.210066
2.64339 0.390379 0.215427
2.69327 0.394581 0.220789
2.74314 0.398633 0.226149
2.79302 0.402532 0.231502
2.84289 0.406279 0.236845
2.89277 0.409874 0.242176
2.94264 0.413316 0.247491
2.99252 0.416605 0.252787
3.04239 0.419741 0.25806
3.09227 0.422724 0.263307
3.14214 0.425554 0.268524
3.19202 0.428231 0.273709
3.2419 0.430755 0.278858
3.29177 0.433126 0.283969
3.34165 0.435346 0.289037
3.39152 0.437415 0.294059
3.4414 0.439332 0.299034
3.49127 0.4411 0.303957
3.54115 0.442718 0.308825
3.59102 0.444188 0.313635
3.6409 0.44551 0.318385
3.69077 0.446686 0.323072
3.74065 0.447716 0.327692
3.79052 0.448601 0.332243
3.8404 0.449344 0.336723
3.89027 0.449944 0.341127
3.94015 0.450404 0.345455
3.99002 0.450726 0.349703
4.0399 0.450909 0.353868
4.08978 0.450957 0.357949
4.13965 0.45087 0.361943
4.18953 0.45065 0.365847
4.2394 0.4503 0.36966
4.28928 0.44982 0.373379
4.33915 0.449214 0.377003
4.38903 0.448481 0.380528
4.4389 0.447626 0.383954
4.48878 0.446648 0.387279
4.53865 0.445552 0.3905
4.58853 0.444338 0.393616
4.6384 0.443009 0.396626
4.68828 0.441567 0.399527
4.73815 0.440014 0.40232
4.78803 0.438353 0.405001
4.83791 0.436585 0.407571
4.88778 0.434714 0.410028
4.93766 0.43274 0.41237
4.98753 0.430668 0.414597
5.03741 0.428498 0.416709
5.08728 0.426234 0.418703
5.13716 0.423878 0.42058
5.18703 0.421433 0.42234
5.23691 0.4189 0.42398
5.28678 0.416282 0.425502
5.33666 0.413583 0.426904
5.38653 0.410803 0.428187
5.43641 0.407947 0.42935
5.48628 0.405016 0.430393
5.53616 0.402012 0.431316
5.58603 0.398939 0.43212
5.63591 0.395799 0.432804
5.68579 0.392594 0.433369
5.73566 0.389327 0.433816
5.78554 0.386001 0.434144
5.83541 0.382617 0.434354
5.88529 0.379178 0.434446
5.93516 0.375688 0.434422
5.98504 0.372148 0.434283
6.03491 0.36856 0.434028
6.08479 0.364928 0.433659
6.13466 0.361253 0.433177
6.18454 0.357538 0.432583
6.23441 0.353786 0.431878
6.28429 0.349998 0.431063
6.33416 0.346178 0.43014
6.38404 0.342327 0.429109
6.43392 0.338447 0.427973
6.48379 0.334542 0.426732
6.53367 0.330612 0.425388
6.58354 0.326661 0.423944
6.63342 0.322691 0.422399
6.68329 0.318703 0.420756
6.73317 0.3147 0.419017
6.78304 0.310683 0.417183
6.83292 0.306656 0.415257
6.88279 0.30262 0.413239
6.93267 0.298576 0.411133
6.98254 0.294527 0.408939
7.03242 0.290475 0.40666
7.08229 0.286422 0.404298
7.13217 0.282369 0.401854
7.18204 0.278318 0.399332
7.23192 0.274271 0.396732
7.2818 0.27023 0.394058
7.33167 0.266196 0.39131
7.38155 0.262171 0.388492
7.43142 0.258157 0.385606
7.4813 0.254155 0.382653
7.53117 0.250166 0.379636
7.58105 0.246192 0.376557
7.63092 0.242235 0.373419
7.6808 0.238296 0.370223
7.73067 0.234375 0.366972
7.78055 0.230476 0.363668
7.83042 0.226598 0.360313
7.8803 0.222743 0.35691
7.93017 0.218912 0.353461
7.98005 0.215107 0.349967
8.02993 0.211327 0.346432
8.0798 0.207576 0.342858
8.12968 0.203852 0.339246
8.17955 0.200158 0.335599
8.22943 0.196495 0.331919
8.2793 0.192862 0.328209
8.32918 0.189262 0.32447
8.37905 0.185694 0.320704
8.42893 0.18216 0.316915
8.4788 0.17866 0.313103
8.52868 0.175196 0.309271
8.57855 0.171767 0.305421
8.62843 0.168374 0.301555
8.6783 0.165018 0.297676
8.72818 0.1617 0.293784
8.77805 0.158419 0.289882
8.82793 0.155177 0.285972
8.87781 0.151974 0.282056
8.92768 0.14881 0.278136
8.97756 0.145685 0.274214
9.02743 0.1426 0.27029
9.07731 0.139556 0.266368
9.12718 0.136552 0.262449
9.17706 0.133589 0.258534
9.22693 0.130667 0.254625
9.27681 0.127786 0.250724
9.32668 0.124946 0.246833
9.37656 0.122147 0.242953
9.42643 0.11939 0.239085
9.47631 0.116675 0.235231
9.52618 0.114001 0.231392
9.57606 0.111369 0.22757
9.62594 0.108778 0.223767
9.67581 0.106229 0.219983
9.72569 0.103722 0.216219
9.77556 0.101255 0.212478
9.82544 0.0988305 0.208759
9.87531 0.0964469 0.205065
9.92519 0.0941042 0.201397
9.97506 0.0918025 0.197755
10.0249 0.0895414 0.19414
10.0748 0.0873209 0.190554
10.1247 0.0851406 0.186998
10.1746 0.0830003 0.183472
10.2244 0.0808999 0.179977
10.2743 0.0788389 0.176514
10.3242 0.0768172 0.173084
10.3741 0.0748344 0.169687
10.4239 0.0728902 0.166325
10.4738 0.0709843 0.162998
10.5237 0.0691164 0.159707
10.5736 0.067286 0.156452
10.6234 0.0654929 0.153233
10.6733 0.0637367 0.150052
10.7232 0.0620169 0.146909
10.7731 0.0603333 0.143804
10.8229 0.0586853 0.140738
10.8728 0.0570726 0.137711
10.9227 0.0554948 0.134723
10.9726 0.0539514 0.131775
11.0224 0.0524421 0.128867
11.0723 0.0509663 0.125999
11.1222 0.0495236 0.123172
11.1721 0.0481136 0.120385
11.2219 0.0467359 0.117639
11.2718 0.04539 0.114934
11.3217 0.0440753 0.112271
11.3716 0.0427916 0.109648
11.4214 0.0415382 0.107067
11.4713 0.0403147 0.104526
11.5212 0.0391207 0.102027
11.5711 0.0379557 0.0995692
11.6209 0.0368192 0.0971524
11.6708 0.0357108 0.0947765
11.7207 0.0346299 0.0924416
11.7706 0.0335761 0.0901475
11.8204 0.0325489 0.087894
11.8703 0.0315479 0.085681
11.9202 0.0305726 0.0835082
11.9701 0.0296225 0.0813756
12.02 0.0286971 0.0792828
12.0698 0.027796 0.0772296
12.1197 0.0269187 0.0752157
12.1696 0.0260648 0.0732409
12.2195 0.0252338 0.0713049
12.2693 0.0244252 0.0694074
12.3192 0.0236386 0.067548
12.3691 0.0228736 0.0657264
12.419 0.0221297 0.0639422
12.4688 0.0214064 0.0621952
12.5187 0.0207033 0.0604849
12.5686 0.02002 0.0588109
12.6185 0.0193561 0.0571729
12.6683 0.0187111 0.0555705
12.7182 0.0180846 0.0540032
12.7681 0.0174762 0.0524706
12.818 0.0168855 0.0509723
12.8678 0.0163121 0.0495078
12.9177 0.0157556 0.0480768
12.9676 0.0152156 0.0466787
13.0175 0.0146916 0.0453131
13.0673 0.0141834 0.0439796
13.1172 0.0136905 0.0426777
13.1671 0.0132126 0.0414069
13.217 0.0127493 0.0401667
13.2668 0.0123002 0.0389567
13.3167 0.011865 0.0377765
13.3666 0.0114433 0.0366254
13.4165 0.0110348 0.0355031
13.4663 0.0106392 0.0344091
13.5162 0.010256 0.0333428
13.5661 0.00988509 0.0323039
13.616 0.00952602 0.0312917
13.6658 0.00917849 0.0303059
13.7157 0.0088422 0.029346
13.7656 0.00851685 0.0284114
13.8155 0.00820214 0.0275018
13.8653 0.00789778 0.0266165
13.9152 0.00760347 0.0257553
13.9651 0.00731895 0.0249174
14.015 0.00704393 0.0241026
14.0648 0.00677815 0.0233104
14.1147 0.00652134 0.0225402
14.1646 0.00627325 0.0217916
14.2145 0.00603362 0.0210642
14.2643 0.0058022 0.0203575
14.3142 0.00557876 0.0196711
14.3641 0.00536305 0.0190045
14.414 0.00515486 0.0183573
14.4638 0.00495395 0.017729
14.5137 0.0047601 0.0171192
14.5636 0.00457309 0.0165275
14.6135 0.00439273 0.0159535
14.6633 0.0042188 0.0153967
14.7132 0.0040511 0.0148567
14.7631 0.00388945 0.0143332
14.813 0.00373364 0.0138258
14.8628 0.0035835 0.013334
14.9127 0.00343884 0.0128574
14.9626 0.0032995 0.0123958
15.0125 0.00316529 0.0119486
15.0623 0.00303605 0.0115155
15.1122 0.00291162 0.0110963
15.1621 0.00279184 0.0106904
15.212 0.00267656 0.0102976
15.2618 0.00256562 0.00991752
15.3117 0.00245889 0.0095498
15.3616 0.00235622 0.00919413
15.4115 0.00225748 0.00885016
15.4613 0.00216252 0.00851759
15.5112 0.00207123 0.00819609
15.5611 0.00198347 0.00788536
15.611 0.00189913 0.0075851
15.6608 0.00181808 0.007295
15.7107 0.00174021 0.00701478
15.7606 0.0016654 0.00674416
15.8105 0.00159356 0.00648284
15.8603 0.00152457 0.00623057
15.9102 0.00145833 0.00598707
15.9601 0.00139474 0.00575209
16.01 0.00133371 0.00552537
16.0599 0.00127515 0.00530665
16.1097 0.00121895 0.0050957
16.1596 0.00116505 0.00489228
16.2095 0.00111335 0.00469615
16.2594 0.00106377 0.00450709
16.3092 0.00101623 0.00432488
16.3591 0.000970659 0.0041493
16.409 0.000926978 0.00398014
16.4589 0.000885117 0.00381719
16.5087 0.000845008 0.00366026
16.5586 0.000806582 0.00350915
16.6085 0.000769776 0.00336367
16.6584 0.000734526 0.00322364
16.7082 0.000700773 0.00308887
16.7581 0.000668458 0.00295919
16.808 0.000637525 0.00283443
16.8579 0.000607919 0.00271442
16.9077 0.000579588 0.002599
16.9576 0.000552482 0.00248801
17.0075 0.000526551 0.00238131
17.0574 0.000501748 0.00227874
17.1072 0.000478027 0.00218015
17.1571 0.000455346 0.00208542
17.207 0.000433661 0.00199439
17.2569 0.000412931 0.00190695
17.3067 0.000393118 0.00182296
17.3566 0.000374183 0.00174229
17.4065 0.000356091 0.00166483
17.4564 0.000338805 0.00159045
17.5062 0.000322291 0.00151905
17.5561 0.000306519 0.00145052
17.606 0.000291454 0.00138474
17.6559 0.000277069 0.00132162
17.7057 0.000263332 0.00126104
17.7556 0.000250218 0.00120293
17.8055 0.000237697 0.00114717
17.8554 0.000225745 0.00109368
17.9052 0.000214336 0.00104237
17.9551 0.000203447 0.000993154
18.005 0.000193054 0.000945949
18.0549 0.000183135 0.000900673
18.1047 0.000173669 0.00085725
18.1546 0.000164634 0.000815602
18.2045 0.000156012 0.000775656
18.2544 0.000147783 0.000737342
18.3042 0.000139929 0.00070059
18.3541 0.000132432 0.000665334
18.404 0.000125275 0.00063151
18.4539 0.000118442 0.000599053
18.5037 0.000111918 0.000567905
18.5536 0.000105686 0.000538006
18.6035 9.97329e-05 0.000509298
18.6534 9.40441e-05 0.000481728
18.7032 8.86063e-05 0.00045524
18.7531 8.34064e-05 0.000429783
18.803 7.84318e-05 0.000405306
18.8529 7.36705e-05 0.000381761
18.9027 6.91106e-05 0.000359098
18.9526 6.47409e-05 0.000337273
19.0025 6.05505e-05 0.000316238
19.0524 5.65288e-05 0.000295952
19.1022 5.26655e-05 0.000276369
19.1521 4.89508e-05 0.000257449
19.202 4.53749e-05 0.000239151
19.2519 4.19285e-05 0.000221433
19.3017 3.86025e-05 0.000204257
19.3516 3.5388e-05 0.000187585
19.4015 3.22764e-05 0.000171378
19.4514 2.92591e-05 0.000155599
19.5012 2.63278e-05 0.000140212
19.5511 2.34744e-05 0.000125179
19.601 2.06909e-05 0.000110466
19.6509 1.79692e-05 9.60355e-05
19.7007 1.53017e-05 8.18536e-05
19.7506 1.26805e-05 6.78846e-05
19.8005 1.00979e-05 5.40933e-05
19.8504 7.54629e-06 4.04446e-05
19.9002 5.01789e-06 2.69031e-05
19.9501 2.50504e-06 1.34335e-05
